0 0.04125214408233277 0.003773584905660378 0.069811320754717 0.007547169811320756
0 0.047598627787307037 0.07169811320754717 0.057118353344768454 0.01132075471698113
0 0.05077186963979418 0.1632075471698113 0.03807890222984564 0.009433962264150947
0 0.05394511149228132 0.3518867924528301 0.03173241852487137 0.013207547169811349
0 0.05711835334476844 0.4981132075471698 0.050771869639794166 0.011320754716981156
0 0.05394511149228131 0.6707547169811321 0.0444253859348199 0.013207547169811278
0 0.04485050666629155 0.7394962542649424 0.050771869639794166 0.0150943396226414
1 0.5403243713321136 0.004401013020846538 0.9148505794061541 0.008802026041693075
1 0.5 0.03564820546885696 1.0 0.053692358854327764
1 0.5399692000711427 0.06997610703145996 0.9200615998577147 0.011442633854200999
1 0.5044410222301269 0.11574664244826394 0.991117955539746 0.07657762656272975
1 0.22797247447985072 0.16239738046923727 0.2842254227281255 0.00968222864586238
1 0.5044410222301269 0.25569885651118385 0.991117955539746 0.17516031822969222
1 0.542929881557894 0.35120083906355376 0.9141402368842121 0.010562431250031708
1 0.49999999999999767 0.42346547152277075 0.9999999999999953 0.1304460232517274
1 0.542929881557894 0.4964342687514895 0.9141402368842121 0.01232283645837029
1 0.5044410222301269 0.5826941239600817 0.991117955539746 0.16019687395881413
1 0.3093912153655116 0.6984407664083456 0.4352201785524422 0.05721316927100475
1 0.5088820444602519 0.8089960348952606 0.9822359110794884 0.11442633854201074
1 0.3019895116486328 0.7416605356763079 0.4381808600391926 0.018484254687555643
