0 0.0793310463121784 0.011320754716981135 0.05711835334476844 0.011320754716981135
0 0.07298456260720412 0.1018867924528302 0.057118353344768454 0.011320754716981121
0 0.08885077186963981 0.2688679245283019 0.03807890222984562 0.013207547169811313
0 0.08882044460253923 0.48019544140619064 0.04144954081451831 0.00968222864586238
0 0.08141874088566095 0.6932493924469962 0.04441022230126959 0.011442633854200891
0 0.10362385203629577 0.8904147757809211 0.04737090378802094 0.00968222864586238
1 0.5074017037168783 0.05677306796892033 0.9851965925662435 0.07833803177106836
1 0.5506867565357433 0.10342380598989363 0.894125808998895 0.01496344427087821
1 0.5044410222301269 0.1857227494797239 0.991117955539746 0.14787403750044364
1 0.5506867565357433 0.27066230078206205 0.8704403571048844 0.0149634442708782
1 0.5059213629735027 0.3741741256892901 0.9881572740529948 0.19029980033523908
1 0.5029606814867512 0.5870951369809282 0.9940786370264973 0.19716538333392492
1 0.5118427259470052 0.791391982811874 0.9763145481059895 0.1795613312505388
1 0.2472169041437342 0.9062584226559687 0.19244429663883508 0.011442633854201033
