0 0.14385363064608347 0.009433962264150943 0.08461978273299028 0.0075471698113207565
0 0.16288090509979433 0.14644370826866862 0.0630506729418559 0.00937239732919478
0 0.09720312078536114 0.3051886880319054 0.047288004706391905 0.008200847663045501
0 0.09983023215793846 0.6356480538275526 0.04203378196123726 0.009372397329194797
1 0.592338479130932 0.008490566037735849 0.7785020011435105 0.016981132075471698
1 0.5042309891366495 0.07924528301886792 0.991538021726701 0.12452830188679245
1 0.5965694682675815 0.1481132075471698 0.7700400228702117 0.013207547169811313
1 0.4992567181246429 0.2254716981132075 0.9815894797026877 0.149056603773585
1 0.5676958261863922 0.30660377358490565 0.8646083476272156 0.009433962264150927
1 0.5 0.470754716981132 1.0 0.3226415094339623
1 0.5676958261863922 0.6367924528301887 0.8646083476272156 0.009433962264150893
1 0.508461978273299 0.8141509433962264 0.9830760434534019 0.3452830188679246
