0 0.09665034605510467 0.012002762784126922 0.036702663058900506 0.010911602531024477
1 0.5159044873255236 0.14112339273458327 0.968191025348953 0.24587477703241828
0 0.10888456707473818 0.2756998239505517 0.0318089746510471 0.010184162362289584
1 0.5113904386206805 0.3338950374493489 0.9493755511235598 0.10038674328542513
0 0.14436380803167534 0.39754605221365835 0.039149507262827205 0.010911602531024585
1 0.51468106522356 0.5183738631305509 0.9706378695528793 0.2278342586278189
0 0.11622509968651829 0.6394199083180342 0.0318089746510471 0.008729282024819653
1 0.4954859512951568 0.6823388782733971 0.873523380801832 0.06837937586108651
0 0.13212958701204183 0.7303499294099047 0.034255818854973794 0.010184162362289442
1 0.5232450199373037 0.7828591096326134 0.9535099601253927 0.08365561940452064
0 0.14191696382774863 0.8312338808534884 0.03914950726282722 0.010184162362289442
1 0.5220215978353403 0.8606952076872543 0.9559568043293194 0.04582873063030291
0 0.14558723013363867 0.8977946562927375 0.041596351466753896 0.00945672219355444
1 0.5159044873255236 0.942532226669938 0.968191025348953 0.06692449552361701
0 0.11744852178848163 0.9807228355285236 0.034255818854973794 0.0065469615186145805
1 0.5578804784952878 0.981813995781626 0.7878838336643976 0.00872928202481944
1 0.49670937339712024 0.9912707179751813 0.900438667045026 0.008729282024820244
