0 0.03947575315668409 0.006001381392063461 0.04306445798910992 0.007201657670476152
1 0.5311283151990224 0.00560128929925923 0.9258858467658634 0.0064014734848676915
1 0.5071774096648515 0.07001611624074038 0.9856451806702964 0.12082781202687767
0 0.04127010557289701 0.13643140364624265 0.053830572486387396 0.008802026041693072
1 0.5358870483242583 0.19124402036042226 0.9282259033514835 0.12002762784126926
1 0.5071774096648471 0.3933705444241356 0.985645180670288 0.2842254202861571
0 0.06459668698366489 0.54092450947132 0.050241867653961575 0.006401473484867779
1 0.5484475152377486 0.54092450947132 0.9031049695245027 0.009602210227301526
1 0.5089717620810645 0.5893356527006318 0.9820564758378708 0.08882044460253923
0 0.0681853918160907 0.6377467959299438 0.057419277318813224 0.006401473484867708
1 0.5538305724863873 0.6389470722083564 0.8923388550272251 0.007201657670476039
1 0.5089717620810629 0.6884784729922729 0.9820564758378677 0.09186114389736116
0 0.05562492490260032 0.7409705558734353 0.061007982151239065 0.009602210227301526
1 0.5502418676539615 0.7417707400590438 0.8995162646920768 0.012802946969735558
1 0.5089717620810645 0.8117868562997841 0.9820564758378708 0.12242818039809464
0 0.05741927731881319 0.8806026962621114 0.06459668698366483 0.008802026041693209
1 0.5484475152377486 0.8806026962621119 0.9031049695245027 0.01040239441291007
1 0.5125604669134903 0.8974065641598895 0.9748790661730191 0.0216049730114284
