0 0.020221852925014046 0.008116067998282664 0.04044370585002809 0.010220233775615206
0 0.030332779387521075 0.0988957915346295 0.04044370585002811 0.007815472887235159
0 0.03875855143961026 0.24528561061476498 0.04381401467086377 0.008416663109330216
0 0.0674061764167135 0.4166248239118434 0.03370308820835674 0.0072142826651401745
0 0.06066555877504214 0.5458807216622711 0.047184323491699445 0.008416663109330145
0 0.05561009554378863 0.6811485216336487 0.04381401467086377 0.009619043553520185
0 0.045499169081281605 0.8079996584956964 0.05055463231253511 0.007214282665140246
1 0.5219934301710295 0.008001841856084616 0.9461130921849908 0.011639042699759438
1 0.49556873619072284 0.05484982527881037 0.9553132263917549 0.07774829602627491
1 0.5075101515206193 0.09851667647164968 0.8478404884226817 0.011715496661493394
1 0.5119414153298968 0.1736023596203124 0.9761171693402058 0.1363257793337422
1 0.4597444902010319 0.2545457910997218 0.7761919964433006 0.02343099332298697
1 0.5089560614974169 0.340281925758826 0.9820878770051443 0.143781095391057
1 0.5493051051752593 0.4169651766340635 0.8956061497422706 0.007455316057314008
1 0.5104955053530942 0.48086788569675526 0.9732253493866007 0.12035010206806945
1 0.5194515668505171 0.5463681624860144 0.8120162424329922 0.008520361208358836
1 0.5089560614974227 0.6124009618507958 0.9820878770051545 0.12354523752120414
1 0.5343783360128882 0.7375437670985672 0.8896354420773221 0.1224801923701591
1 0.05373636898453624 0.7891984569242431 0.07164849197938165 0.019170812718807325
1 0.5417949536546393 0.9009894993683907 0.9164100926907214 0.19802100126321875
1 0.0417949536546393 0.9243817942758148 0.0835899073092786 0.15123641144837066
