0 0.025385934819897083 0.008490566037735849 0.04230989136649514 0.009433962264150945
0 0.023270440251572325 0.06509433962264151 0.038078902229845626 0.01698113207547169
0 0.03173241852487135 0.2018867924528302 0.038078902229845626 0.015094339622641506
0 0.029616923956546595 0.35094339622641507 0.03384791309319611 0.011320754716981156
0 0.025385934819897083 0.5047169811320755 0.03384791309319611 0.013207547169811349
1 0.5204116638078902 0.02641509433962264 0.9392795883361922 0.0490566037735849
1 0.5204116638078902 0.12264150943396228 0.947741566609491 0.1320754716981132
1 0.5275014293882218 0.2641509433962264 0.9449971412235563 0.1471698113207547
1 0.5204116638078902 0.42264150943396234 0.930817610062893 0.16226415094339633
1 0.5225271583762148 0.5679245283018867 0.9350485991995423 0.12830188679245275
