0 0.07401703716878269 0.008401933948888845 0.0583164535269197 0.007201657670476154
1 0.5605593940471858 0.04481031439407384 0.8788812119056283 0.08641989204571382
1 0.5044858810405323 0.12562891714052846 0.9910282379189355 0.07361694507597848
0 0.08971762081064569 0.16843877107058114 0.044858810405322844 0.008802026041693055
1 0.5764357137083984 0.16723849479216846 0.8119444683363433 0.008001841856084617
1 0.5089717620810645 0.22925276917682416 0.9820564758378708 0.11442633854201002
0 0.09420350185117796 0.29406768821110957 0.04485881040532283 0.0072016576704762155
1 0.5605593940471857 0.31247192448010375 0.878881211905628 0.045610498579682274
0 0.08523173977011339 0.3448793839972468 0.03588704832425828 0.006401473484867708
1 0.5472774869449387 0.3704852779367174 0.8792326839443276 0.06081399810624303
1 0.5024186765396158 0.4116947634955534 0.9868938289171025 0.015203499526560834
0 0.08074585872958111 0.42689826302211414 0.03588704832425828 0.007201657670476109
1 0.5605593940471858 0.47690977462264295 0.8788812119056283 0.10882504924275067
0 0.07401703716878268 0.5366933565327008 0.040372929364790554 0.00800184185608444
1 0.5605593940471858 0.566700263493018 0.8788812119056283 0.07121639251915304
1 0.4979327954990835 0.6403172085689965 0.9689503047549732 0.074417129261587
0 0.09420350185117797 0.6963301015615887 0.05383057248638741 0.005601289299259235
1 0.5652210111070679 0.6951298252831761 0.8164303493768758 0.009602210227301669
1 0.5024186765396157 0.8031546903403184 0.9689503047549731 0.20324678314454908
