0 0.11423670668953691 0.0066037735849056615 0.11423670668953691 0.009433962264150943
0 0.057118353344768454 0.033962264150943396 0.08885077186963981 0.01886792452830188
0 0.1332761578044597 0.7367924528301886 0.07615780445969128 0.02075471698113205
0 0.12058319039451117 0.7679245283018868 0.050771869639794166 0.01509433962264154
0 0.04125214408233277 0.3452830188679245 0.04442538593481991 0.011320754716981084
0 0.053945111492281296 0.5141509433962264 0.05711835334476843 0.013207547169811278
1 0.5077186963979418 0.18867924528301888 0.9773584905660379 0.28679245283018867
1 0.5362778730703259 0.3443396226415094 0.9075471698113209 0.02075471698113205
1 0.5095197255574615 0.42924528301886794 0.9809605488850772 0.14905660377358493
1 0.547598627787307 0.5150943396226415 0.9048027444253859 0.011320754716981084
1 0.5045454545454546 0.6235849056603773 0.9710120068610637 0.19811320754716974
