0 0.4738707833047455 0.011320754716981135 0.06769582618639212 0.007547169811320756
0 0.49079473985134364 0.10377358490566038 0.0676958261863922 0.007547169811320753
0 0.4696397941680961 0.18301886792452826 0.05923384791309317 0.007547169811320736
0 0.5246426529445398 0.32452830188679244 0.050771869639794215 0.011320754716981156
0 0.4992567181246427 0.4179245283018868 0.050771869639794145 0.009433962264150964
0 0.5077186963979416 0.510377358490566 0.0676958261863922 0.009433962264150964
0 0.49502572898799313 0.7358490566037736 0.0761578044596913 0.011320754716981156
1 0.5126929674099485 0.057547169811320756 0.974614065180103 0.0849056603773585
1 0.20909395924464522 0.10321445341729191 0.31734827856988707 0.005290473954436088
1 0.5246426529445397 0.14528301886792452 0.9308176100628931 0.06792452830188678
1 0.5119496855345912 0.2518867924528302 0.9731275014293882 0.13018867924528305
1 0.4992567181246427 0.369811320754717 0.9308176100628931 0.07924528301886795
1 0.5169239565465981 0.46320754716981133 0.9661520869068039 0.07358490566037741
1 0.508461978273299 0.6216981132075472 0.9830760434534019 0.21320754716981127
1 0.5042309891366495 0.8754716981132076 0.991538021726701 0.24905660377358488
