0 0.05923384791309319 0.008490566037735849 0.06769582618639222 0.016981132075471698
0 0.050771869639794166 0.160377358490566 0.08461978273299028 0.011320754716981195
0 0.050771869639794166 0.2688679245283019 0.05077186963979417 0.013207547169811313
0 0.055002858776443675 0.48113207547169806 0.07615780445969125 0.015094339622641471
0 0.07615780445969125 0.6226415094339622 0.050771869639794166 0.011320754716981156
1 0.5288736420811893 0.01886792452830189 0.8546598056032019 0.011320754716981135
1 0.49079473985134364 0.08867924528301886 0.9646655231560892 0.12830188679245283
1 0.495025728987993 0.21509433962264152 0.973127501429388 0.09056603773584905
1 0.508461978273299 0.3735849056603773 0.9830760434534019 0.19622641509433966
1 0.5415666094911379 0.48679245283018874 0.896969696969697 0.026415094339622625
1 0.5126929674099485 0.560377358490566 0.974614065180103 0.11320754716981128
1 0.49999999999999983 0.7028301886792447 0.9999999999999997 0.14528301886792452
