0 0.053014957751745174 0.007638121771717132 0.06524917877137869 0.008001841856084614
1 0.5525789827201132 0.008001841856084614 0.8767858397404009 0.010184162362289507
1 0.5122342210196336 0.06546961518614686 0.975531557960733 0.10184162362289509
0 0.044858810405322844 0.12184622826310663 0.04078073673211167 0.008001841856084617
1 0.5387416998955061 0.12293738851620908 0.9225166002089878 0.010184162362289513
1 0.5036420986415792 0.16512891830283707 0.9665034605510466 0.07128913653602653
1 0.2242940520266142 0.2386003753450685 0.4241196620139614 0.06983425619855663
1 0.7197800033217711 0.20804788825819998 0.534227651190663 0.010184162362289478
0 0.4526661777264395 0.21786833053612198 0.03262458938568933 0.006546961518614686
1 0.7222550151900089 0.30988951188109515 0.5554899696199829 0.17458564049639125
1 0.49752498813176244 0.4513766247000457 0.9868938289171025 0.047283610967772845
0 0.024468442039267003 0.48302027204001674 0.040780736732111675 0.008729282024819582
1 0.5240324670076351 0.48265655195564927 0.925722723818935 0.009456722193554583
1 0.5016030618049736 0.5353959641889342 0.9950499762635249 0.09311234159807548
0 0.030585552549083753 0.5888628165909541 0.036702663058900506 0.006546961518614652
1 0.5301495775174517 0.5903176969284243 0.9216446501457237 0.010911602531024932
1 0.4934469144585511 0.6434208292460764 0.9868938289171022 0.08511049974199082
0 0.032624589385689344 0.6917956004669518 0.040780736732111675 0.007274401687349581
1 0.23856730988285327 0.6921593205513193 0.32216782018368223 0.010911602531024443
1 0.49752498813176205 0.7594475361593045 0.9787376815706794 0.12366482868494258
0 0.032624589385689344 0.8289180722734926 0.04893688407853402 0.00800184185608458
1 0.5301495775174517 0.8289180722734926 0.9134885027993015 0.010911602531024443
1 0.5020390368366057 0.8591068392759942 0.995921926326789 0.04946593147397773
