0 0.03909558232169383 0.009619043553520194 0.04583619996336518 0.009619043553520194
1 0.5311606701637023 0.010220233775615206 0.9167239992673035 0.012023804441900245
1 0.5 0.12075471698113209 1.0 0.20754716981132076
0 0.05923384791309319 0.25849056603773585 0.06769582618639222 0.007547169811320736
1 0.4992567181246427 0.33867924528301885 0.9985134362492853 0.15283018867924533
0 0.08482393240279228 0.4192541412704189 0.07177409664851654 0.007274401687349652
1 0.49999999999999983 0.6128259690608097 0.9999999999999997 0.37550461288101356
1 0.16149171745916222 0.8937937353646953 0.07503655558708548 0.0014548803374698593
1 0.49079473985134364 0.8311320754716982 0.9815894797026873 0.035849056603773445
0 0.08038879359634077 0.8056603773584905 0.11000571755288735 0.011320754716981156
