0 0.05338569172203709 0.0033065462215225673 0.0444880764350309 0.002645236977218054
0 0.05783449936554019 0.12961661188368465 0.053385691722037096 0.005290473954436106
0 0.06228330700904328 0.28766952127246337 0.04448807643503092 0.006613092443045119
0 0.05524719056079242 0.37925572401982655 0.03867303339255469 0.004106210109248138
0 0.04005421315657451 0.504905753362818 0.03591067386451507 0.00492745213109771
0 0.04696011197667356 0.630350472200347 0.03314831433647545 0.003695589098323353
0 0.049722471504713185 0.8040431598215411 0.0386730333925547 0.0045168311201729235
1 0.5015019525403485 0.0643273537641663 0.9949151639106912 0.0937856746468219
1 0.50352413783285 0.12925589775042762 0.7562972993955256 0.01082142399771021
1 0.4873466554928387 0.20891360217801677 0.9585158286456661 0.15089874574584813
1 0.5060665558775042 0.33305938304063676 0.9878668882449915 0.07935710931654164
1 0.49999999999999983 0.44151409887724163 0.9999999999999997 0.11951661569381641
1 0.5 0.567615563683915 1.0 0.11922744365566068
1 0.5356141962395548 0.6296298380685706 0.9097366750199473 0.004801105113650834
1 0.4999999999999968 0.7148494538358713 0.9999999999999936 0.16563812642095221
1 0.5167734958693192 0.8023545061547099 0.8397569307876437 0.006401473484867637
1 0.5 0.8523660177552387 1.0 0.09362154971619006
