0 0.04865637507146941 0.014150943396226414 0.04654088050314465 0.01320754716981132
0 0.04230989136649514 0.22075471698113205 0.04230989136649513 0.015094339622641506
0 0.04654088050314465 0.3584905660377358 0.04230989136649514 0.01509433962264154
0 0.04654088050314465 0.5811320754716981 0.04230989136649514 0.015094339622641471
1 0.5331046312178388 0.015094339622641511 0.896969696969697 0.02264150943396227
1 0.49925671812464256 0.1179245283018868 0.95620354488279 0.1830188679245283
1 0.539451114922813 0.22452830188679246 0.9096626643796455 0.026415094339622625
1 0.5063464837049743 0.2943396226415094 0.9873070325900514 0.10943396226415089
1 0.5331046312178386 0.35754716981132084 0.9138936535162948 0.016981132075471583
1 0.5063464837049743 0.4707547169811322 0.9873070325900514 0.20188679245283034
1 0.5331046312178356 0.7839622641509435 0.9138936535162901 0.4207547169811324
1 0.052887364208118924 0.7924528301886792 0.05500285877644369 0.40377358490566045
