0 0.02221269296740995 0.012264150943396225 0.0444253859348199 0.013207547169811323
0 0.028559176672384227 0.10566037735849058 0.04442538593481991 0.011320754716981138
0 0.028559176672384227 0.1660377358490566 0.04442538593481991 0.015094339622641489
0 0.025385934819897083 0.2122641509433962 0.038078902229845626 0.013207547169811313
0 0.020798175733376955 0.3753591270672419 0.04159635146675391 0.013093923037229373
0 0.024468442039267003 0.46665286824348 0.039149507262827205 0.016731123880904235
1 0.5172384219554031 0.013207547169811323 0.932933104631218 0.015094339622641511
1 0.49185248713550606 0.060377358490566045 0.9837049742710121 0.07547169811320757
1 0.514065180102916 0.10660377358490564 0.9265866209262437 0.016981132075471653
1 0.5031732418524871 0.13679245283018868 0.9936535162950257 0.043396226415094344
1 0.5317324185248713 0.16792452830188684 0.9365351629502573 0.01509433962264139
1 0.5 0.18962264150943398 1.0 0.03207547169811324
1 0.5317324185248712 0.21132075471698109 0.9365351629502571 0.01509433962264149
1 0.5 0.2933962264150944 1.0 0.1490566037735849
1 0.525385934819897 0.37735849056603776 0.9492281303602058 0.01509433962264154
1 0.5 0.42264150943396234 1.0 0.07169811320754711
1 0.525385934819897 0.46886792452830195 0.9492281303602058 0.016981132075471736
1 0.5000000000000001 0.5916851963934939 1.0 0.22641509433962242
0 0.03173241852487135 0.7110617704992062 0.05077186963979417 0.01183872315253066
1 0.534377149972524 0.7134225288437293 0.9312457000549523 0.014428565330280349
1 0.4651026172753231 0.7350653768391495 0.9099833816256322 0.028857130660560556
