0 0.055002858776443675 0.020754716981132074 0.050771869639794166 0.015094339622641511
0 0.055002858776443675 0.11132075471698114 0.04230989136649514 0.015094339622641506
0 0.04865637507146941 0.21509433962264154 0.04654088050314465 0.015094339622641506
0 0.052887364208118924 0.4084905660377359 0.05500285877644369 0.016981132075471736
0 0.061349342481417955 0.5764150943396227 0.04654088050314465 0.013207547169811278
0 0.050771869639794166 0.6245283018867924 0.04230989136649514 0.01509433962264154
0 0.0444253859348199 0.8075471698113208 0.03807890222984562 0.01509433962264154
1 0.47175528873642086 0.020754716981132074 0.7234991423670669 0.015094339622641511
1 0.5013722126929674 0.06320754716981133 0.9773584905660377 0.069811320754717
1 0.5436821040594626 0.11132075471698114 0.9012006861063465 0.015094339622641506
1 0.508461978273299 0.16226415094339622 0.9830760434534019 0.07924528301886793
1 0.22635791881074901 0.21415094339622642 0.29193825042881644 0.020754716981132085
1 0.49291023441966836 0.31320754716981136 0.9688965122927387 0.17358490566037735
1 0.5331046312178387 0.410377358490566 0.8715837621497998 0.013207547169811349
1 0.4950257289879931 0.49339622641509434 0.9815894797026872 0.15283018867924525
1 0.5457975986277872 0.5773584905660377 0.8969696969696969 0.015094339622641572
1 0.5021154945683247 0.5981132075471698 0.9957690108633505 0.022641509433962242
1 0.28982275586049167 0.6235849056603773 0.4273299028016008 0.016981132075471736
1 0.49925671812464256 0.7132075471698113 0.9900514579759861 0.15849056603773584
1 0.5359634076615208 0.8056603773584906 0.9280731846769582 0.01509433962264154
1 0.5021154945683247 0.8330188679245283 0.9957690108633505 0.03584905660377359
