0 0.07404230989136648 0.004716981132075472 0.11846769582618638 0.005660377358490567
0 0.11106346483704975 0.09622641509433962 0.1036592338479131 0.007547169811320753
0 0.11846769582618638 0.25471698113207547 0.05923384791309319 0.003773584905660385
0 0.07404230989136645 0.4128237302722185 0.05923384791309314 0.0047076622739359465
0 0.0740423098913665 0.6877358490566037 0.05923384791309319 0.005660377358490507
0 0.11324237638007865 0.8376786400343468 0.05662118819003933 0.006011902220950134
0 0.08021334993588905 0.5966013609742468 0.05662118819003931 0.0048095217767600215
1 0.5001538290120142 0.04989878843388601 0.9814339286273485 0.08416663109330169
1 0.5047184323491699 0.17614873507383857 0.99056313530166 0.1514999359679431
1 0.832803309628494 0.2537022737240951 0.2123294557126475 0.004809521776760148
1 0.5070776485237549 0.334502239344329 0.9858447029524899 0.14957612679856716
1 0.49999999999999917 0.5046390721972165 0.9999999999999983 0.1772308770149393
1 0.5070776485237549 0.6426723474195678 0.9858447029524902 0.08296425064911168
1 0.5023592161745849 0.7626097967275224 0.9952815676508299 0.14368446308070718
1 0.5047184323491695 0.9202319652444134 0.9905631353016591 0.15953606951117313
