0 0.04051460641124777 0.0033876233401296703 0.030385954808435835 0.003161781784121026
1 0.5064325801405972 0.11359830267234823 0.9774148796713525 0.21635621065628155
0 0.05570758381546568 0.2265190806766706 0.035450280609841796 0.00406514800815561
1 0.5393506978497359 0.2262932391206619 0.9014499926502628 0.004516831120172888
1 0.5101286516028091 0.3101256240218573 0.9797426967943705 0.163147938682217
0 0.048111095113356726 0.40403054369946534 0.035450280609841796 0.0040651480081555745
1 0.5050643258014059 0.4555224184694363 0.9898713483971879 0.0989186015317864
0 0.056973665265817174 0.5090468672434851 0.0329181177091388 0.0045168311201729235
1 0.5379824435105448 0.5106277581355456 0.9240351129789104 0.010388711576397681
1 0.47731270678251286 0.5955893508167841 0.9343681103594018 0.15772774133800987
0 0.05570758381546568 0.6770729849139167 0.035450280609841796 0.004516831120173066
1 0.5520115123532509 0.6772988264699252 0.876128363643233 0.004968514232190273
1 0.5039004172398941 0.7400827790403284 0.9875435312741644 0.11969602468458178
0 0.05190933946441121 0.8080610873989307 0.032918117709138814 0.004516831120172782
1 0.5493771765637082 0.807835245842922 0.9012456468725836 0.006775246680259386
1 0.5063304072517575 0.8676832581852127 0.987339185496485 0.11201741178028783
