0 0.04654088050314465 0.010377358490566037 0.050771869639794166 0.013207547169811323
0 0.04654088050314465 0.21698113207547173 0.04230989136649514 0.015094339622641506
0 0.052887364208118924 0.3745283018867924 0.038078902229845626 0.016981132075471736
0 0.0444253859348199 0.519811320754717 0.03807890222984562 0.016981132075471663
0 0.038078902229845626 0.7264150943396226 0.04230989136649514 0.02264150943396231
1 0.49502572898799324 0.11132075471698112 0.9815894797026874 0.18113207547169807
1 0.4950257289879931 0.29622641509433967 0.9900514579759861 0.139622641509434
1 0.49714122355631785 0.44528301886792454 0.9942824471126357 0.11320754716981128
1 0.5 0.6235849056603773 1.0 0.1830188679245282
1 0.49502572898799313 0.8075471698113208 0.9900514579759863 0.13962264150943413
