0 0.03596340766152087 0.02547169811320755 0.04654088050314465 0.013207547169811323
0 0.03173241852487136 0.17452830188679244 0.046540880503144665 0.013207547169811313
0 0.038078902229845626 0.2349056603773585 0.050771869639794166 0.013207547169811349
0 0.03596340766152087 0.25566037735849056 0.04654088050314465 0.013207547169811313
0 0.050771869639794166 0.4377358490566038 0.04230989136649514 0.01509433962264154
1 0.5394511149228132 0.028301886792452827 0.9096626643796458 0.018867924528301886
1 0.4929102344196684 0.09905660377358488 0.9858204688393367 0.1264150943396226
1 0.530989136649514 0.17641509433962263 0.8927387078330474 0.013207547169811313
1 0.5028216031727728 0.20276246725079328 0.980257271525649 0.03194002884120983
1 0.23985526831631 0.23388249333417552 0.30054154102284625 0.014175750960407144
1 0.5389518980842386 0.25579047209116834 0.8987348005587036 0.014175750960407107
1 0.5052450278553506 0.34016840792140984 0.9895099442892987 0.1512552627475441
1 0.5245027855350637 0.5764072976765946 0.8811646796989069 0.302510525495088
1 0.5000259888767608 0.7970528613753315 0.979071866332119 0.12630594105722764
