0 0.07615780445969125 0.004716981132075472 0.06769582618639224 0.005660377358490567
0 0.05546180195567187 0.3215285545808545 0.04567442513996507 0.008729282024819582
0 0.06035549036352528 0.45392266529061814 0.048936884078534 0.00872928202481951
0 0.06035549036352528 0.5510359278167359 0.048936884078534 0.009456722193554512
0 0.06198671983280974 0.6303269062088471 0.0391495072628272 0.008001841856084511
0 0.07666778505636994 0.7219843674694527 0.05546180195567188 0.006546961518614722
0 0.04241196620139614 0.8508747654093324 0.039149507262827205 0.007274401687349723
1 0.5048936884078535 0.16149171745916216 0.9902126231842935 0.3055248708686852
1 0.5252558891095983 0.32152855458085455 0.7960399810108199 0.013093923037229373
1 0.5048936884078534 0.3877256099357362 0.9902126231842933 0.11930018767253436
1 0.4975249881317623 0.5008425561740233 0.9754752226321111 0.08074585872958111
1 0.5032624589385688 0.5906814170127919 0.993475082122862 0.07128913653602652
1 0.5048936884078534 0.6706998355736377 0.9902126231842933 0.07274401687349666
1 0.5032624589385689 0.7863628224024972 0.9934750821228622 0.11639042699759429
1 0.5032624589385689 0.913664851931116 0.9934750821228622 0.11639042699759443
