0 0.05077186963979417 0.012264150943396225 0.0634648370497427 0.009433962264150943
0 0.05394511149228131 0.10377358490566038 0.06981132075471698 0.011320754716981121
0 0.05077186963979417 0.269811320754717 0.0634648370497427 0.015094339622641506
0 0.047598627787307037 0.4981132075471698 0.057118353344768454 0.011320754716981156
0 0.053945111492281296 0.6783018867924528 0.05711835334476843 0.013207547169811278
1 0.5013722126929674 0.05754716981132074 0.9900514579759861 0.07735849056603772
1 0.5013722126929675 0.1867924528301887 0.9900514579759863 0.1509433962264151
1 0.5095197255574615 0.38490566037735846 0.9809605488850772 0.21132075471698117
1 0.4981989708404803 0.5867924528301887 0.9710120068610635 0.16603773584905654
1 0.5095197255574615 0.7518867924528303 0.9809605488850772 0.13396226415094348
