0 0.03812998884452441 0.007201657670476154 0.040372929364790554 0.0064014734848676915
1 0.536062784343608 0.006801565577671922 0.9196056133091183 0.010402394412909998
1 0.5044858810405323 0.04481031439407383 0.9910282379189355 0.0640147348486769
0 0.042615869885056695 0.08081860274645461 0.0583164535269197 0.006401473484867699
1 0.5403729293647905 0.08081860274645461 0.9192541412704189 0.008001841856084626
1 0.5024186765396158 0.1420326929455019 0.9868938289171025 0.11282597017079304
0 0.029158226763459846 0.20804788825819998 0.04934469144585513 0.009602210227301561
1 0.40597223416817174 0.2088480724438084 0.6863397992014396 0.01120257859851847
1 0.49120397393828463 0.29766851704634717 0.9824079478765693 0.1616372054929089
0 0.04037292936479056 0.38208794862804035 0.06280233456745198 0.005601289299259235
1 0.5338198438233417 0.3828881328136488 0.8971762081064567 0.008802026041693126
1 0.5001757360193497 0.431699368135765 0.9824079478765703 0.0872200762313222
0 0.02915822676345985 0.4801105113650769 0.04037292936479056 0.006401473484867708
1 0.5248480817422773 0.4809106955506854 0.9240914943496505 0.006401473484867637
1 0.5001757360193497 0.5057164053045476 0.9913797099576348 0.04160957765164014
0 0.026915286243193705 0.5313222992440184 0.05383057248638741 0.006401473484867708
1 0.5293339627828095 0.5313222992440184 0.9240914943496505 0.009602210227301455
1 0.5 0.5877352843294149 1.0 0.10322375994349152
0 0.02915822676345985 0.6449484536004201 0.04037292936479056 0.006401473484867637
1 0.5248480817422704 0.7993840014228458 0.9420350185117679 0.31847330587217076
