0 0.06663807890222985 0.008490566037735849 0.0444253859348199 0.009433962264150945
0 0.08567753001715267 0.3415094339622641 0.057118353344768454 0.0075471698113207
0 0.060291595197255576 0.49339622641509434 0.05711835334476843 0.016981132075471736
0 0.0634648370497427 0.6 0.038078902229845626 0.011320754716981084
0 0.05711835334476844 0.6783018867924528 0.050771869639794166 0.013207547169811278
0 0.06346483704974272 0.7311320754716981 0.050771869639794166 0.013207547169811278
1 0.5 0.1650943396226415 1.0 0.3
1 0.5095197255574615 0.4160377358490565 0.9809605488850772 0.13773584905660377
1 0.5394511149228131 0.49433962264150944 0.888507718696398 0.011320754716981156
1 0.5031732418524871 0.5490566037735849 0.9936535162950257 0.09056603773584904
1 0.5 0.6358490566037736 1.0 0.05283018867924525
1 0.5031732418524871 0.7028301886792451 0.9936535162950257 0.03207547169811321
1 0.5013722126929675 0.8254716981132075 0.9773584905660379 0.16792452830188695
