0 0.03702115494568325 0.0066037735849056615 0.0740423098913665 0.009433962264150943
1 0.5040780736732111 0.062196134426839494 0.9918438526535777 0.10111418345416012
0 0.022429405202661422 0.11748158725069682 0.044858810405322844 0.006546961518614705
1 0.4954859512951569 0.166583798640307 0.9828157552438914 0.09020258092313566
0 0.026507478875872587 0.21641345019865205 0.053014957751745174 0.009456722193554548
1 0.2956603413078096 0.21786833053612198 0.4526661777264395 0.010911602531024477
1 0.4791736566023122 0.26296962099768983 0.9583473132046244 0.07929097839211117
0 0.022429405202661422 0.30916207171236004 0.044858810405322844 0.00872928202481951
1 0.5138372828246071 0.3098895118810951 0.905332355452879 0.010184162362289513
1 0.48936884078534004 0.3735405266454045 0.9787376815706801 0.11711786716632937
0 0.030585552549083753 0.4368278213253465 0.061171105098167505 0.006546961518614722
1 0.5020390368366057 0.5055709172708006 0.995921926326789 0.12657458935988386
0 0.026507478875872587 0.5743140132162547 0.053014957751745174 0.006546961518614652
1 0.4241196620139614 0.5735865730475198 0.7177409664851655 0.00800184185608444
1 0.5 0.7140552685202582 0.9999999999999999 0.2583867457146835
