0 0.08567753001715267 0.007547169811320756 0.069811320754717 0.011320754716981135
1 0.5031732418524871 0.07452830188679245 0.9809605488850772 0.12264150943396226
0 0.10471698113207548 0.1490566037735849 0.05711835334476844 0.011320754716981121
1 0.5108919382504289 0.20377358490566042 0.9710120068610635 0.09811320754716991
0 0.09519725557461407 0.26037735849056604 0.05077186963979417 0.011320754716981121
1 0.5063464837049743 0.3311320754716981 0.9873070325900514 0.13018867924528302
0 0.08885077186963981 0.40283018867924525 0.05077186963979417 0.009433962264150964
1 0.5031732418524871 0.49622641509433957 0.9936535162950257 0.1735849056603773
0 0.11106346483704975 0.5933962264150944 0.05711835334476847 0.013207547169811349
1 0.5095197255574615 0.7433962264150944 0.9809605488850772 0.27547169811320754
