0 0.055002858776443675 0.008490566037735849 0.0592338479130932 0.009433962264150945
0 0.055002858776443675 0.10660377358490568 0.0592338479130932 0.009433962264150947
0 0.055002858776443675 0.33301886792452834 0.0592338479130932 0.009433962264150964
0 0.04127010557289701 0.1876431915251842 0.04665316282153575 0.005601289299259235
0 0.05741927731881323 0.42049678953724645 0.035887048324258264 0.01040239441291007
0 0.05741927731881323 0.5093172341397856 0.050241867653961575 0.007201657670476251
0 0.03050399107561953 0.6121409019904729 0.03947575315668409 0.008001841856084652
1 0.5502418676539615 0.009602210227301537 0.8995162646920768 0.014403315340952304
1 0.5089717620810645 0.05041160369333308 0.9820564758378708 0.06721547159111077
1 0.45397116130186704 0.10602440459312114 0.7141522616527395 0.013603131155343853
1 0.5089717620810645 0.1436330613167188 0.9820564758378708 0.061614182291851505
1 0.541270105572897 0.1868430073395758 0.917459788854206 0.012002762784126908
1 0.49165256204233826 0.25805939985872883 0.9689503047549732 0.12882965388296228
1 0.5329226676152353 0.3344769895843369 0.8864100936091792 0.012802946969735345
1 0.5089717620810645 0.37448619886476 0.9820564758378708 0.06721547159111076
1 0.5365113724476611 0.41929651325883377 0.9007649129388825 0.009602210227301526
1 0.49882997170718996 0.46050599881766957 0.9617728950901215 0.06801565577671922
1 0.54306445798911 0.5085170499541772 0.9138710840217802 0.008802026041693055
1 0.5053830572486387 0.5569281931834891 0.9892338855027225 0.08641989204571388
1 0.35169307357773105 0.6111104857942877 0.6100798215123906 0.009602210227301455
1 0.5053830572486387 0.7763485201224348 0.9892338855027225 0.31927349005777617
