0 0.04654088050314465 0.009433962264150945 0.07615780445969125 0.011320754716981135
0 0.041669272693968334 0.5046455608070978 0.0490226737576098 0.007104975352032028
0 0.04779710691366956 0.2551516186376677 0.041669272693968334 0.006558438786491081
0 0.030639171098506134 0.21252176652547594 0.04657154006972933 0.008744585048654727
1 0.548953593316606 0.00857632933104631 0.9020928133667881 0.010915328239513487
1 0.5069933704738009 0.11305161390924684 0.9860132590523983 0.19179791049430844
1 0.5314961560088646 0.21518789957898019 0.9231249025417121 0.00935599563386866
1 0.5000259888767608 0.23623888975518476 0.9860652368059197 0.03274598471854045
1 0.24476796658302974 0.26118821144550125 0.27973481895203395 0.010915328239513506
1 0.5000259888767606 0.3796974894745048 0.972078495858318 0.23857788866365198
1 0.4965293036398603 0.6556993606736315 0.9930586072797206 0.29471386246686415
