0 0.0634648370497427 0.009433962264150943 0.05923384791309319 0.0075471698113207565
0 0.06079265986129352 0.10021106648467569 0.043423328472352515 0.008714005781276147
0 0.04776566131958775 0.35049667698021836 0.04342332847235251 0.00968222864586238
0 0.04993682774320538 0.5330066869547242 0.03908099562511725 0.0067775600521035526
0 0.04776566131958776 0.5664103757829495 0.034738662777882005 0.009682228645862451
0 0.054279160590440634 0.7155166969292301 0.05645032701405827 0.009682228645862238
1 0.5586214934376759 0.008714005781276145 0.8827570131246482 0.013555120104207336
1 0.5043423328472353 0.0551887032814156 0.9913153343055295 0.08133072062524403
1 0.5521079941668231 0.1011792893492619 0.895784011666354 0.010650451510448616
1 0.5043423328472353 0.1708913355994711 0.9913153343055295 0.12490074953162476
0 0.06079265986129351 0.23769871325592157 0.05210799416682301 0.006777560052103659
1 0.562963826284911 0.239635158985094 0.8740723474301777 0.010650451510448598
1 0.5 0.2948238622665096 1.0 0.0997269550523826
1 0.5542791605904407 0.3519490112770977 0.8914416788191187 0.010650451510448633
1 0.49999999999999956 0.441606447060392 0.9999999999999991 0.16866442005614085
1 0.5521079941668231 0.5334907983870173 0.895784011666354 0.009682228645862451
1 0.5065134992708529 0.5499505870849835 0.9869730014582943 0.02130090302089741
1 0.5412521620487349 0.5673785986475356 0.9174956759025302 0.011618674375034886
1 0.5 0.6428999820852623 1.0 0.13555120104207355
1 0.5586214934376759 0.7184213655229889 0.8827570131246482 0.011618674375034886
1 0.4999999999999968 0.8550376102387166 0.9999999999999936 0.2616138150564197
