0 0.03384791309319612 0.009433962264150945 0.05077186963979417 0.011320754716981135
0 0.0343321781922364 0.14935213182695964 0.04654088050314465 0.015094339622641506
0 0.03971013169913009 0.42045918892775747 0.050771869639794166 0.011320754716981084
0 0.03596340766152087 0.5645828555115867 0.04654088050314465 0.011320754716981156
0 0.033847913093196104 0.7338826921552487 0.04230989136649514 0.016981132075471663
1 0.5331046312178387 0.019811320754716984 0.922355631789594 0.0169811320754717
1 0.5042309891366495 0.0849056603773585 0.991538021726701 0.11320754716981131
1 0.5063464837049743 0.28679245283018867 0.9873070325900514 0.25283018867924534
1 0.5077186963979419 0.49150943396226426 0.9815894797026877 0.13018867924528302
1 0.5063464837049743 0.6481132075471697 0.9873070325900514 0.15283018867924525
1 0.4992567181246427 0.8339622641509432 0.9731275014293882 0.181132075471698
