0 0.013816513604839436 0.011442633854200999 0.027633027209678872 0.007041620833354462
1 0.5171323663525617 0.011002532552116346 0.9000471719723975 0.007921823437523769
1 0.48752555148504867 0.062054283593936194 0.9750511029700973 0.0906608682294387
0 0.013816513604839436 0.11530654114617932 0.027633027209678872 0.008802026041693072
1 0.49936827743205386 0.1135461359378407 0.94347050044475 0.01056243125003169
1 0.4835779761693802 0.15447555703171348 0.9671559523387604 0.0677756005210367
1 0.48555176382721416 0.2169699419277342 0.9711035276544283 0.05545276406266628
0 0.01579030126267364 0.2600998695320304 0.03158060252534728 0.006161418229185145
1 0.5052896404055566 0.26230037604245365 0.9395229251290818 0.01584364687504756
1 0.4914731268007168 0.31995364661554315 0.9829462536014336 0.09770248906279301
0 0.01973787657834205 0.37540641067820973 0.0394757531566841 0.006161418229185216
1 0.5151585786947275 0.3771668158865484 0.9276801991820762 0.01496344427087827
1 0.4881572740529947 0.44635073923117263 0.9763145481059894 0.12516480762671028
