0 0.49185248713550606 0.014150943396226414 0.057118353344768454 0.01320754716981132
0 0.4981989708404803 0.0990566037735849 0.057118353344768454 0.009433962264150947
0 0.47915951972555754 0.2037735849056604 0.057118353344768454 0.011320754716981156
0 0.5013722126929675 0.3773584905660377 0.050771869639794145 0.011320754716981227
0 0.4601200686106347 0.5226415094339623 0.069811320754717 0.011320754716981156
0 0.488679245283019 0.5990566037735848 0.06346483704974268 0.013207547169811278
0 0.49185248713550606 0.7481132075471699 0.06981132075471691 0.016981132075471805
1 0.48550600343053185 0.056603773584905655 0.9583190394511151 0.07169811320754717
1 0.49185248713550606 0.15188679245283018 0.9837049742710121 0.09245283018867922
1 0.5063464837049743 0.29150943396226414 0.9873070325900514 0.15660377358490568
1 0.5095197255574615 0.45 0.9809605488850772 0.13018867924528302
1 0.5063464837049743 0.5622641509433962 0.9873070325900514 0.060377358490566024
1 0.5063464837049741 0.6735849056603773 0.9873070325900513 0.12830188679245294
1 0.5 0.8471698113207548 1.0 0.18490566037735845
