0 0.11989536599240833 0.004000920928042308 0.04893688407853402 0.008001841856084616
1 0.5036702663058901 0.10329650396036502 0.99265946738822 0.18331492252121115
0 0.08196928083154446 0.2007734865708503 0.036702663058900506 0.007274401687349652
1 0.4967093733971202 0.2851565461441063 0.9738439931628268 0.1556721961092825
0 0.09542692395314133 0.3677210052955248 0.03914950726282721 0.008001841856084723
1 0.49793279549908354 0.4302808598067318 0.9958655909981671 0.10547882446656992
0 0.07585217032172772 0.4961141950772461 0.039149507262827205 0.008729282024819653
1 0.5012234221019634 0.6074125408936957 0.9975531557960733 0.20368324724579012
0 0.09909719025903137 0.7166620542777312 0.04649003987460729 0.008001841856084723
1 0.5061171105098168 0.8272329599254459 0.9877657789803664 0.21168508910187483
