0 0.37761578044596916 0.003773584905660378 0.10365923384791309 0.007547169811320756
0 0.3479988564894225 0.1018867924528302 0.0740423098913665 0.011320754716981121
0 0.3628073184676958 0.24150943396226418 0.0740423098913665 0.011320754716981121
0 0.3776157804459691 0.3537735849056604 0.13327615780445967 0.013207547169811349
0 0.3579733070344762 0.592021181344973 0.07536280148094235 0.009602210227301598
0 0.3579733070344762 0.6504346268943908 0.07536280148094235 0.009602210227301526
0 0.35400325745479483 0.7674062112985888 0.10114378784422712 0.009020932429349955
1 0.5034877072612922 0.050943396226415104 0.9773584905660377 0.09056603773584908
1 0.52221269296741 0.1716981132075472 0.9555746140651802 0.1320754716981132
1 0.52221269296741 0.2943396226415094 0.9555746140651802 0.10188679245283015
1 0.5074042309891367 0.4716981132075472 0.9851915380217267 0.23018867924528302
1 0.4960834762721555 0.618867924528302 0.9625500285877644 0.049056603773584936
1 0.5074042309891367 0.7056603773584905 0.9851915380217267 0.10943396226415089
1 0.5148084619782732 0.8716981132075472 0.9703830760434533 0.20754716981132076
