0 0.04759862778730703 0.007547169811320756 0.0740423098913665 0.011320754716981135
0 0.05817610062893083 0.12547169811320755 0.09519725557461407 0.013207547169811313
0 0.04759862778730703 0.2537735849056604 0.052887364208118924 0.009433962264150927
0 0.05649094621851297 0.40724657470027326 0.04951705538728326 0.01071956449488614
0 0.07583194846880267 0.5807497545437816 0.04381401467086377 0.006011902220949991
0 0.05561009554378863 0.6991842282964993 0.03707339702919242 0.006011902220950134
1 0.5016851544104178 0.0643273537641663 0.9966296911791643 0.10220233775615206
1 0.5033703088208357 0.18907432484888134 0.9932593823583287 0.11122019108757727
1 0.5084257720520892 0.32975283681911416 0.9831484558958217 0.14127970219232788
1 0.5421288602604459 0.46592242212363444 0.9157422794791081 0.1286547075283326
1 0.5084257720520892 0.5527944092163637 0.9831484558958217 0.046291647101315975
1 0.5539249411333708 0.5810503496548293 0.8921501177332584 0.00661309244304519
1 0.4999999999999997 0.6406282997470999 0.9999999999999994 0.10893566640893235
1 0.5050554632312534 0.7773990752737177 0.9898890735374928 0.1456082699567229
