0 0.05817610062893082 0.002830188679245283 0.052887364208118924 0.005660377358490566
0 0.05817610062893082 0.12169811320754718 0.052887364208118924 0.0056603773584905604
0 0.06346483704974272 0.2660377358490566 0.06346483704974272 0.00754716981132077
0 0.05817610062893082 0.42264150943396234 0.052887364208118924 0.0075471698113207
0 0.06346483704974272 0.5377358490566038 0.06346483704974272 0.00754716981132077
0 0.06346483704974272 0.8962264150943398 0.06346483704974272 0.011320754716981156
1 0.505288736420812 0.062264150943396226 0.9894225271583763 0.10943396226415095
1 0.505288736420812 0.19433962264150942 0.9894225271583763 0.13584905660377358
1 0.5 0.3433962264150944 1.0 0.14716981132075474
1 0.505288736420812 0.47924528301886793 0.9894225271583763 0.1018867924528302
1 0.5052887364208116 0.6349056603773586 0.9894225271583756 0.18679245283018825
1 0.505288736420812 0.8132075471698113 0.9894225271583763 0.15094339622641514
0 0.08990851915380219 0.7339622641509433 0.05288736420811894 0.00754716981132077
1 0.5 0.9518867924528303 1.0 0.09622641509433962
