0 0.055002858776443675 0.0047169811320754715 0.0592338479130932 0.009433962264150943
0 0.055002858776443675 0.10566037735849058 0.0592338479130932 0.011320754716981138
0 0.055002858776443675 0.2179245283018868 0.07615780445969125 0.013207547169811313
0 0.055002858776443675 0.389622641509434 0.07615780445969125 0.013207547169811278
0 0.038078902229845626 0.8037735849056605 0.07615780445969125 0.011320754716981156
0 0.0296169239565466 0.8584905660377359 0.0592338479130932 0.01509433962264154
0 0.04654088050314465 0.939622641509434 0.07615780445969125 0.011320754716981013
1 0.508461978273299 0.05566037735849056 0.9830760434534019 0.08867924528301886
1 0.5042309891366495 0.1641509433962264 0.991538021726701 0.10188679245283018
1 0.4992567181246428 0.3047169811320755 0.9815894797026875 0.15660377358490574
1 0.508461978273299 0.5962264150943396 0.9830760434534019 0.4
1 0.4865637507146942 0.8311320754716981 0.9731275014293884 0.04339622641509418
1 0.49502572898799313 0.9009433962264152 0.9900514579759863 0.06981132075471691
1 0.49999999999999983 0.9735849056603775 0.9999999999999997 0.05283018867924531
