0 0.03033277938752107 0.00691368755409264 0.036399335265025284 0.006613092443045133
1 0.5257681760503652 0.04027974488036582 0.9382939757206518 0.07695234842816157
1 0.02796797576733861 0.045283018867924525 0.05593595153467722 0.06792452830188679
1 0.5399234730978751 0.08326484576015919 0.9018946404556266 0.007815472887235159
0 0.0457559866134293 0.08401933948888844 0.06997974423230363 0.008001841856084617
1 0.4898582096261252 0.12201967164218094 0.9797164192522504 0.06639845407928366
1 0.5379012878053736 0.16215002075235624 0.9140277522106349 0.012023804441900232
0 0.0384215205575267 0.1588434745308337 0.044488076435030915 0.004208331554665054
1 0.48714443696358845 0.23646826614465138 0.9742888739271769 0.14482672450268844
0 0.04226367261327937 0.31384144772827943 0.04893688407853402 0.0046291647101315905
1 0.5360813210421225 0.314502756972584 0.9031079516311276 0.008597020175958718
1 0.4938176484288432 0.3564958939859208 0.9876352968576864 0.07406663536210553
1 0.5338569172203709 0.39815837637710494 0.8986591439876243 0.00661309244304519
0 0.04226367261327937 0.39683575788849595 0.057834499365540186 0.005290473954436123
1 0.12011780637458346 0.40516825335765494 0.22244038217515455 0.006084043029445922
1 0.49999999999999983 0.4818139957816258 0.9999999999999997 0.1461493429912974
1 0.5333660573262732 0.6250535770889056 0.9332678853474536 0.13900720113465312
0 0.03114165350452164 0.560509795853863 0.06228330700904328 0.005951783198740585
1 0.03336605732627317 0.6300133964211895 0.06673211465254635 0.12908756247008527
1 0.49604205225059445 0.7840323204287887 0.9831864892141827 0.17921480520652316
