0 0.02368545189401046 0.011002532552116346 0.0394757531566841 0.007921823437523769
0 0.02368545189401046 0.09110096953152334 0.0394757531566841 0.006161418229185145
0 0.09671559523387603 0.18792325599014717 0.043423328472352515 0.007921823437523727
0 0.02368545189401046 0.30058918932381856 0.04737090378802092 0.006161418229185216
0 0.021711664236176254 0.40317771354137627 0.04342332847235251 0.0070416208333544715
0 0.01579030126267364 0.5110025325521164 0.02368545189401046 0.00968222864586231
0 0.013816513604839436 0.7002460924485177 0.027633027209678872 0.00968222864586238
1 0.5151585786947276 0.011442633854200999 0.9118898979194028 0.008802026041693075
1 0.49510631159214646 0.05189685605926161 0.9771627874300173 0.06983425619855664
1 0.5122060533553227 0.0915423452553172 0.9265383385535771 0.008001841856084617
1 0.4926312997239089 0.1391896763074574 0.9852625994478178 0.08729282024819578
1 0.5627741669031411 0.18829188769706753 0.8449768650893538 0.00800184185608458
1 0.4926312997239089 0.2450322208583948 0.9852625994478178 0.10256906379163006
1 0.5252558891095983 0.3017725540197221 0.9265383385535771 0.006546961518614686
1 0.5 0.3519659256624347 1.0 0.09383978176681051
1 0.5236246596403139 0.40361417764261714 0.9298007974921461 0.00945672219355444
1 0.4926312997239089 0.4541712693696972 0.9852625994478178 0.09020258092313568
1 0.5040499060088997 0.6006777190754247 0.9428506332464205 0.19117127578855225
1 0.013816513604839436 0.6747202169276076 0.027633027209678872 0.04136952239595757
1 0.5033158527477223 0.7006861937506023 0.9355753498134132 0.0070416208333544715
1 0.48555176382721443 0.7737430098966547 0.9711035276544289 0.1355512010420736
