0 0.07615780445969125 0.008490566037735849 0.050771869639794166 0.009433962264150945
0 0.08038879359634077 0.19245283018867923 0.04230989136649513 0.011320754716981156
0 0.08250428816466553 0.330188679245283 0.05500285877644369 0.01509433962264154
0 0.08673527730131504 0.5801886792452831 0.04654088050314467 0.013207547169811278
0 0.08673527730131504 0.6726415094339623 0.04654088050314467 0.01320754716981142
1 0.5013722126929674 0.10094339622641507 0.9858204688393367 0.17169811320754713
1 0.5098341909662664 0.2632075471698113 0.9688965122927387 0.12264150943396224
1 0.5013722126929674 0.4556603773584905 0.9688965122927387 0.2207547169811321
1 0.5063464837049743 0.6273584905660377 0.9873070325900514 0.07358490566037737
1 0.5119496855345912 0.7094339622641509 0.9731275014293882 0.04905660377358487
