0 0.0634648370497427 0.007547169811320756 0.038078902229845626 0.015094339622641511
0 0.05077186963979418 0.20754716981132076 0.05077186963979418 0.011320754716981121
0 0.05077186963979418 0.2990566037735849 0.05077186963979418 0.013207547169811313
0 0.0349056603773585 0.4264150943396227 0.04442538593481991 0.015094339622641471
0 0.02221269296740995 0.5943396226415094 0.0444253859348199 0.01509433962264154
0 0.05077186963979417 0.6754716981132074 0.0634648370497427 0.011320754716981156
1 0.5444253859348198 0.010377358490566037 0.9111492281303601 0.020754716981132074
1 0.5190394511149228 0.11132075471698112 0.9619210977701543 0.1811320754716981
1 0.5380789022298457 0.20943396226415095 0.9238421955403088 0.015094339622641506
1 0.5158662092624356 0.25566037735849056 0.9682675814751286 0.07358490566037734
1 0.5412521440823328 0.3009433962264151 0.9174957118353345 0.016981132075471698
1 0.5095197255574615 0.36320754716981135 0.9809605488850772 0.11132075471698119
1 0.5349056603773584 0.42830188679245285 0.9301886792452829 0.015094339622641471
1 0.5095197255574615 0.510377358490566 0.9809605488850772 0.14905660377358487
1 0.5299313893653516 0.5943396226415094 0.9329331046312178 0.015094339622641539
1 0.5031732418524871 0.6358490566037736 0.9936535162950257 0.060377358490566024
1 0.5380789022298457 0.6754716981132074 0.9238421955403088 0.0150943396226414
1 0.5063464837049743 0.8320754716981132 0.9873070325900515 0.2943396226415095
