0 0.05515050797731103 0.007701197059894782 0.04345191537606324 0.005465365655409199
0 0.05682173549177501 0.1418510813290297 0.04010946034713529 0.005465365655409204
0 0.05515050797731103 0.3487896990997508 0.05013682543391912 0.004968514232190202
0 0.04679437040499118 0.4332544410469839 0.04679437040499119 0.004968514232190202
0 0.05682173549177501 0.5072853031066176 0.04010946034713529 0.004968514232190131
0 0.060164190520702945 0.6064297461944128 0.04679437040499119 0.007949622771504253
0 0.05682173549177501 0.7738460916636208 0.04010946034713529 0.005465365655409329
1 0.5467943704049898 0.007204345636675746 0.9064112591900152 0.007452771348285248
1 0.08356137572319854 0.06782021926939599 0.013369820115711776 0.0014905542696570517
1 0.5300820952603511 0.07303715921319567 0.9398358094792962 0.12421285580475455
1 0.5417806878615993 0.1413542299058107 0.9164386242768015 0.0074527713482852856
1 0.5116985926012473 0.24499743603116209 0.9766028147975034 0.19784623520954425
1 0.5381352596573986 0.34804442196492225 0.9091477678684001 0.005465365655409187
1 0.5150410476301758 0.39002836722692935 0.9699179047396486 0.07452771348285275
1 0.5367670053182073 0.43275758962376487 0.9264659893635853 0.007949622771504253
1 0.5066849100578559 0.46803404067231513 0.9866301798842882 0.061609576479158296
1 0.22060203190924413 0.506540025971789 0.28745113248780296 0.008446474194723236
1 0.5066849100578541 0.5571330505907109 0.9866301798842847 0.0917458721966807
1 0.5439085910710013 0.6072879441072455 0.8994242623297005 0.006323563568242037
1 0.5151929774042163 0.6902169627844066 0.969614045191561 0.15863110756204354
1 0.5410210389913883 0.7737331708856164 0.9179579220172233 0.005871880456224688
1 0.5121543819233733 0.8268511041696347 0.9756912361532494 0.09855725366374779
