0 0.11887136169306502 0.013555120104207336 0.06187824307310233 0.011618674375034862
1 0.5879322401565139 0.015491565833379817 0.8241355196869723 0.02130090302089725
1 0.5260539970834115 0.1234484152347454 0.9478920058331769 0.19654924151100636
0 0.1286416105993443 0.345171451224994 0.061878243073102315 0.012586897239621137
1 0.5911000588298986 0.3456555626572871 0.8044171599503304 0.0174280115625524
1 0.5178231920327968 0.4444142948450835 0.9639978920862131 0.17815300708386744
0 0.11887136169306502 0.5426889156005867 0.05536474380224947 0.010650451510448562
1 0.5830471157033742 0.5422048041682936 0.8339057685932516 0.013555120104207318
1 0.5146553733594189 0.6099804046893302 0.9706892532811621 0.11812318947952108
0 0.05699311861996268 0.6767877823457806 0.06187824307310233 0.011618674375035028
1 0.5292218157567963 0.6777560052103668 0.8434981555754476 0.01355512010420739
1 0.514655373359419 0.7795162268009893 0.9706892532811621 0.19190176880621032
