0 0.06346483704974272 0.013207547169811323 0.06346483704974272 0.011320754716981131
0 0.08567753001715267 0.1339622641509434 0.069811320754717 0.011320754716981121
0 0.069811320754717 0.2990566037735849 0.05077186963979418 0.013207547169811313
0 0.060291595197255576 0.4971698113207548 0.05711835334476843 0.009433962264150964
0 0.0634648370497427 0.590566037735849 0.038078902229845626 0.00754716981132077
0 0.07615780445969125 0.6801886792452829 0.05077186963979417 0.013207547169811278
0 0.08250428816466554 0.7339622641509433 0.06346483704974273 0.011320754716981156
0 0.09202401372212694 0.8009433962264151 0.057118353344768454 0.009433962264151035
1 0.5507718696397942 0.012264150943396225 0.8984562607204117 0.016981132075471698
1 0.5 0.07358490566037736 1.0 0.10566037735849056
1 0.5489708404802746 0.1349056603773585 0.818696397941681 0.013207547169811313
1 0.5031732418524871 0.2160377358490566 0.9936535162950257 0.14905660377358487
1 0.558490566037736 0.3009433962264151 0.8758147512864494 0.016981132075471698
1 0.5 0.31981132075471697 1.0 0.016981132075471698
0 0.06346483704974272 0.3452830188679245 0.050771869639794166 0.015094339622641471
1 0.5729845626072041 0.3452830188679245 0.8540308747855917 0.015094339622641471
1 0.5031732418524871 0.41981132075471694 0.9936535162950257 0.1339622641509434
1 0.5426243567753003 0.4962264150943396 0.8821612349914238 0.01509433962264154
1 0.5063464837049743 0.5433962264150943 0.9873070325900514 0.07547169811320749
1 0.5362778730703258 0.588679245283019 0.8821612349914234 0.01509433962264143
1 0.4950257289879933 0.6320754716981132 0.9900514579759866 0.07169811320754704
1 0.5571183533447684 0.680188679245283 0.8857632933104631 0.016981132075471663
1 0.5031732418524871 0.7084905660377357 0.9936535162950257 0.03584905660377359
1 0.5602915951972556 0.7584905660377359 0.8794168096054888 0.06037735849056616
1 0.32684391080617503 0.7990566037735849 0.37444253859348203 0.01320754716981142
1 0.35540308747855925 0.8452830188679247 0.6727272727272728 0.07924528301886781
