0 0.08567753001715267 0.012264150943396225 0.0444253859348199 0.013207547169811323
0 0.08885077186963981 0.1339622641509434 0.03807890222984562 0.011320754716981121
0 0.09202401372212694 0.21037735849056602 0.04442538593481991 0.013207547169811313
0 0.0793310463121784 0.3452830188679245 0.0444253859348199 0.015094339622641471
0 0.09202401372212694 0.6018867924528302 0.04442538593481991 0.015094339622641471
0 0.09837049742710122 0.7801886792452831 0.04442538593481991 0.009433962264151035
1 0.5655126914671265 0.6029875222431488 0.8589472519789638 0.015857453723562925
1 0.5634648370497427 0.012264150943396225 0.8730703259005145 0.016981132075471698
1 0.5063464837049743 0.07358490566037737 0.9873070325900514 0.10566037735849058
1 0.558490566037736 0.1349056603773585 0.8758147512864494 0.013207547169811313
1 0.5031732418524871 0.17264150943396228 0.9936535162950257 0.06226415094339623
1 0.19039451114922815 0.2188679245283019 0.10154373927958835 0.026415094339622625
1 0.5013722126929674 0.2698113207547169 0.9900514579759861 0.07169811320754721
1 0.5521440823327616 0.3452830188679245 0.863121783876501 0.018867924528301855
1 0.5 0.47452830188679246 1.0 0.23962264150943396
1 0.5025068412716959 0.6840024948327045 0.994986317456608 0.14309320988707724
1 0.5 0.7642439996825758 1.0 0.017389799812665672
1 0.4127931960726008 0.7791495423791466 0.521422984512759 0.010433879887599317
0 0.11827537813815688 0.8722126929674099 0.04038671448619988 0.015437392795883369
1 0.3461718384531421 0.8138936535162951 0.6808046156245128 0.05660377358490564
1 0.49041010447528444 0.8687821612349907 0.6000311866521132 0.03259005145797601
1 0.4875253391548422 0.9331046312178383 0.6865741462653994 0.0960548885077186
