0 0.051808052948383095 0.006459068501847236 0.05013682543391912 0.005962217078628218
1 0.5515050797731103 0.006459068501847236 0.8824081276369765 0.005962217078628218
1 0.5083561375723199 0.04198394526200705 0.9832877248553603 0.061112725055939246
0 0.04345191537606324 0.07999307913826194 0.04010946034713529 0.005962217078628198
1 0.5097243919115106 0.12620026149763056 0.8924354927237598 0.10036398749024165
0 0.060164190520702945 0.18060549234011314 0.04679437040499119 0.0044716628089711465
1 0.19887607422121253 0.1806054923401131 0.15709538635961326 0.007452771348285267
1 0.5133698201157118 0.21538509196544442 0.9732603597685765 0.06111272505593924
0 0.05515050797731103 0.2533942258416993 0.04345191537606324 0.005962217078628207
1 0.548465597919455 0.25215209728365173 0.9030688041610897 0.009440177041161277
1 0.5100273650867838 0.31599750516729563 0.9799452698264324 0.1162632330332503
0 0.05515050797731103 0.38183031874381557 0.05013682543391912 0.0044716628089711465
1 0.5515050797731104 0.3813334673205965 0.8957779477526884 0.008446474194723308
1 0.49164386242767977 0.6011902220950086 0.9832877248553595 0.2076838949055563
0 0.05682173549177501 0.708013278087101 0.05347928046284707 0.004968514232190273
1 0.5314503495995427 0.708013278087101 0.8489835773476971 0.004968514232190273
1 0.5116985926012478 0.7731008145287923 0.9766028147975043 0.12222545011187833
0 0.05682173549177501 0.8394304795285312 0.06684910057855883 0.006459068501847298
1 0.5531763072875743 0.8399273309517503 0.8857505826659045 0.005465365655409187
1 0.504710709368119 0.8563234279179778 0.9826817785048146 0.024345719737732027
1 0.5116985926012478 0.44137153206015567 0.9766028147975043 0.11030101595462213
