0 0.03768140074047119 0.004000920928042308 0.03229834349183244 0.0048011051136507684
1 0.5053830572486387 0.05521270880698383 0.9892338855027225 0.09282136553058151
0 0.03050399107561953 0.1068245887787296 0.04665316282153575 0.007201657670476163
1 0.5053830572486387 0.19204420454603072 0.9892338855027225 0.1568361003792584
0 0.03229834349183244 0.27726382031333185 0.043064457989109926 0.005601289299259235
1 0.49999999999999933 0.3524811337605268 0.9999999999999987 0.13683149573904674
0 0.03670855102491385 0.426281251735976 0.050241867653961526 0.00720165767047616
1 0.5035887048324258 0.4877122611283572 0.9928225903351483 0.10802486505714227
0 0.03262458938568933 0.5497728271601144 0.03559046114802472 0.004629164710131662
1 0.5053830572486384 0.677045097772739 0.9892338855027218 0.2456565449817991
0 0.0394757531566841 0.8051551508043394 0.03588704832425827 0.00720165767047618
1 0.5053830572486387 0.8963761479637041 0.9892338855027225 0.17363996827703632
0 0.09330632564307152 0.9891975134942856 0.05024186765396161 0.00400092092804229
