0 0.0759908248266169 0.008229894348983026 0.04342332847235251 0.008714005781276145
1 0.5054279160590439 0.07068026911479539 0.9891441678819116 0.11618674375034858
0 0.07847587049610018 0.13185911577651344 0.0651349927085288 0.007220838468822339
1 0.5052317415303783 0.22727565060844754 0.989536516939244 0.18253970394748228
0 0.0638272466706125 0.3219051290352092 0.04394662885517582 0.0052260855935884875
1 0.5336376360985632 0.3230250045195496 0.8370786448604912 0.008212420218496242
1 0.5001544903041435 0.36315387604174676 0.9751966212624723 0.07353849013835209
0 0.0721980331192174 0.40421597713422763 0.048132022079478254 0.004852793765474956
1 0.5031390449182269 0.4568874535114427 0.9937219101635464 0.1004901589889455
0 0.07324438142529299 0.5124706072871317 0.03348314579441966 0.0048527937654750984
1 0.5533637636098563 0.5148970041698693 0.8932724727802873 0.012691922155857611
1 0.5106179733648997 0.5600653153715982 0.9751966212624723 0.07913786756005393
0 0.0669662915888393 0.6033671674327599 0.03348314579441964 0.0037329182811345163
0 0.5073244381425294 0.640472375004841 0.9853511237149414 0.06525141126942943
0 0.07533707803744422 0.8053180464421428 0.05441011191593192 0.006719252906042499
1 0.6748946574187713 0.8198764277385677 0.6006039276874025 0.040315517436254
1 0.1893890433996862 0.8398475405426382 0.366221907126465 0.05786023335758657
1 0.6705547738903251 0.9129754095276661 0.6254073064249301 0.14662902979816878
1 0.18311095356323254 0.9272080935178753 0.3494803342292553 0.11796021768385438
