0 0.038078902229845626 0.012264150943396225 0.05077186963979417 0.013207547169811323
0 0.025385934819897087 0.14056603773584905 0.05077186963979417 0.016981132075471698
0 0.038078902229845626 0.24528301886792456 0.05077186963979417 0.018867924528301893
0 0.05077186963979417 0.5047169811320755 0.0634648370497427 0.009433962264150964
0 0.04442538593481991 0.680188679245283 0.05077186963979418 0.009433962264150893
1 0.5013722126929675 0.07547169811320754 0.9773584905660379 0.10943396226415093
1 0.5 0.19528301886792454 1.0 0.08867924528301888
1 0.488679245283019 0.2952830188679246 0.9392795883361923 0.07735849056603772
1 0.4886792452830189 0.41509433962264153 0.9773584905660379 0.16226415094339622
1 0.5031732418524871 0.5886792452830188 0.9936535162950257 0.1471698113207546
1 0.47598627787307035 0.7433962264150944 0.9519725557461407 0.10943396226415103
