0 0.04759862778730705 0.005660377358490566 0.044425385934819914 0.011320754716981131
0 0.04125214408233277 0.12075471698113209 0.04442538593481991 0.011320754716981138
0 0.03807890222984564 0.21320754716981136 0.03807890222984564 0.011320754716981121
0 0.0349056603773585 0.2943396226415094 0.03173241852487136 0.011320754716981156
0 0.03807890222984564 0.4018867924528302 0.03807890222984564 0.00754716981132077
0 0.028559176672384216 0.5226415094339623 0.03173241852487135 0.011320754716981156
0 0.0349056603773585 0.6122641509433961 0.03173241852487136 0.013207547169811349
1 0.49502572898799324 0.06320754716981132 0.9773584905660379 0.1
1 0.48233276157804467 0.169811320754717 0.9519725557461407 0.07924528301886795
1 0.49185248713550606 0.2537735849056604 0.9710120068610635 0.06226415094339622
1 0.5031732418524871 0.3481132075471699 0.9936535162950257 0.0924528301886793
1 0.5 0.46132075471698114 1.0 0.10754716981132077
1 0.5063464837049743 0.5679245283018868 0.9873070325900514 0.07169811320754718
1 0.39348198970840487 0.7273584905660377 0.7742710120068611 0.20566037735849066
