0 0.05515050797731103 0.006210642790237728 0.04345191537606324 0.005465365655409202
1 0.5464913972297185 0.00571379136701871 0.9058053128394722 0.009440177041161346
1 0.5013682543391912 0.04223237097361655 0.969311958389103 0.061609576479158254
0 0.05682173549177501 0.07750882202216686 0.04679437040499117 0.006955919925066256
1 0.5518080529483831 0.0789993762918239 0.8963838941032338 0.007949622771504279
1 0.5150410476301747 0.1721590181453894 0.9699179047396466 0.1783696609356284
0 0.07687646566534266 0.2673060656918318 0.05347928046284707 0.007949622771504287
1 0.5598612173454302 0.26829976853826987 0.8322713022030573 0.008943325617942328
1 0.5113956194259751 0.3097868623770579 0.975996868446959 0.07303715921319569
0 0.05347928046284706 0.35152238192745533 0.06016419052070296 0.006459068501847298
1 0.3543002330663618 0.3517708076390649 0.4746286141077677 0.006955919925066354
1 0.5066849100578559 0.41685834408075634 0.9866301798842882 0.12321915295831651
0 0.061835418035166914 0.4839332862153238 0.05682173549177501 0.006955919925066283
1 0.5398064871718625 0.48517541477337134 0.8389562122609132 0.010433879887599317
1 0.5063819368825832 0.544052308424825 0.9860242335337428 0.10533250172243179
0 0.06350664554963088 0.6024323506530596 0.04679437040499118 0.005465365655409187
1 0.5331215771140065 0.6021839249414501 0.8189014820873456 0.008943325617942435
1 0.5050136825433919 0.6953435667950147 0.9899726349132161 0.17836966093562956
0 0.05682173549177501 0.7927264457459435 0.04010946034713529 0.007452771348285267
1 0.5364640321429346 0.7917327428995056 0.8924354927237603 0.009440177041161348
1 0.5097243919115112 0.8461876581261741 0.979339323475887 0.09648854487286375
