0 0.06875357347055461 0.008490566037735849 0.05288736420811894 0.009433962264150945
0 0.08990851915380219 0.1632075471698113 0.05288736420811894 0.013207547169811332
0 0.08257256611047403 0.4094105412467033 0.04381401467086375 0.008416663109330216
0 0.08425772052089187 0.5299491807767531 0.04044370585002808 0.007815472887235159
0 0.07583194846880266 0.8842708822467102 0.05055463231253517 0.009017853331425235
1 0.5528873642081189 0.011320754716981131 0.8942252715837621 0.022641509433962263
1 0.5000000000000001 0.08962264150943397 1.0000000000000002 0.13396226415094342
1 0.5634648370497427 0.1669811320754717 0.8730703259005145 0.01698113207547168
1 0.5 0.28867924528301886 1.0 0.22264150943396233
1 0.5581761006289309 0.4084905660377358 0.8836477987421385 0.016981132075471604
1 0.505288736420812 0.470754716981132 0.9894225271583763 0.1075471698113207
1 0.5581761006289309 0.5330188679245284 0.8836477987421384 0.013207547169811349
1 0.5105774728416237 0.709433962264151 0.9788450543167524 0.3358490566037737
1 0.5581761006289309 0.9122641509433962 0.8836477987421384 0.0698113207547171
