0 0.04442538593481991 0.014150943396226414 0.05077186963979418 0.01320754716981132
0 0.04442538593481991 0.17547169811320754 0.05077186963979418 0.00754716981132077
0 0.03807890222984564 0.30377358490566037 0.03807890222984564 0.007547169811320736
0 0.02919685776959171 0.33962264150943383 0.03807890222984564 0.0075471698113207
0 0.03173241852487136 0.4 0.038078902229845626 0.00754716981132077
0 0.04442538593481991 0.47547169811320755 0.05077186963979418 0.01509433962264154
0 0.04125214408233277 0.5915094339622641 0.057118353344768454 0.009433962264150964
1 0.4988748305175953 0.01408324166670892 0.8497155866976253 0.01408324166670892
1 0.5059213629735027 0.09374157734403127 0.9881572740529948 0.14699383489627438
1 0.53404783709764 0.23105318359444327 0.9319043258047199 0.12410856718787237
1 0.53404783709764 0.31511253229261205 0.9319043258047199 0.036968509375110835
1 0.5251657926373859 0.3666043846365165 0.9496684147252276 0.06073397968768218
1 0.5225602824116059 0.4013723875012043 0.9326146683266621 0.0070416208333544
1 0.5044410222301269 0.4361403903658919 0.991117955539746 0.06249438489602085
1 0.3578872886359365 0.4841114322931162 0.561819139960806 0.010562431250031357
1 0.5044410222301267 0.539124095053701 0.9911179555397455 0.09594208385445471
1 0.5314423268718597 0.5914961500017746 0.9207719423796565 0.0070416208333544715
1 0.5044410222301243 0.6831252397527163 0.9911179555397408 0.174456153460193
