0 0.05338569172203709 0.005951783198740621 0.07118092229604946 0.007935710931654162
1 0.49826645607234604 0.05819521349879718 0.9698400662836736 0.09522853117984993
1 0.5027152637158493 0.14019755979255685 0.97873768157068 0.052904739544361076
0 0.057834499365540186 0.1101079891767015 0.08897615287006183 0.005951783198740603
0 0.30474332357996176 0.17028713040841223 0.04893688407853403 0.003306546221522595
1 0.5111220191087577 0.22120794221985973 0.9777559617824845 0.0945672219355454
1 0.48269562932008525 0.27212875403130715 0.4760224178548305 0.005951783198740495
0 0.07340532611780101 0.2727900632756118 0.10232257580057111 0.007274401687349652
1 0.5027152637158495 0.3277448604682391 0.9787376815706804 0.1013125742092958
1 0.5066732114652547 0.45630337857011427 0.9866535770694909 0.14019755979255685
1 0.4493295719938121 0.379922160852943 0.6940139923864821 0.0019839277329135284
1 0.8497222599090903 0.38355936169661775 0.28472368918419777 0.003967855465827128
0 0.048936884078534 0.3822367432080088 0.05338569172203709 0.006613092443045119
0 0.044488076435030915 0.5307006685543721 0.06228330700904327 0.007274401687349723
1 0.5066732114652547 0.5713050559023998 0.9866535770694909 0.07261175452009674
1 0.5044488076435031 0.6123723602259795 0.9911023847129938 0.009258329420263181
0 0.06228330700904326 0.6219613442683949 0.0889761528700618 0.005951783198740585
1 0.5066732114652546 0.6844550678551714 0.9866535770694906 0.11771304548620343
0 0.051161287900285554 0.7459568275754913 0.08452734522655873 0.003967855465826773
1 0.40039268791527816 0.7476101006862524 0.5249593019333648 0.008597020175958647
1 0.5044488076435031 0.8756236507649637 0.9911023847129938 0.24875269847007264
