0 0.040109460347135306 0.0014905542696570548 0.040109460347135306 0.0029811085393141095
1 0.7553948365377147 0.0024842571160950916 0.287451132487803 0.004968514232190183
1 0.4946833442813354 0.06906234782744354 0.9893666885626708 0.13116877572982083
1 0.49999999999999967 0.23525914889420277 0.9999999999999993 0.18631928370713483
1 0.4999999999999997 0.41864700844620906 0.9999999999999994 0.1615760813145556
0 0.05849296300623897 0.3356231363844468 0.036767005318207355 0.004471662808971218
0 0.05013682543391912 0.5018199374512085 0.040109460347135306 0.0029811085393141924
1 0.49665754497107817 0.5740382435207246 0.9933150899421563 0.1369812277479371
0 0.051808052948383095 0.13812469565488705 0.04345191537606324 0.004968514232190167
0 0.0577584264953739 0.6469430810937411 0.03515730308414064 0.005972669249815539
1 0.25112359345814866 0.6549315260729697 0.29632584028061526 0.022696142864499513
1 0.5 0.7466683481255834 1.0 0.16135945561030096
1 0.5027152637158511 0.8854332164563654 0.9787376815706834 0.09633100372212404
0 0.05338569172203709 0.8352837868623882 0.03559046114802473 0.002645236977218133
1 0.5549831415425059 0.9378469106191087 0.8739101052343533 0.008585712046609921
1 0.5062780898364537 0.9712565292352637 0.9874438203270927 0.05748694152947322
0 0.07282584210286275 0.9374736187909951 0.04520224682246655 0.0055993774217019164
