0 0.16077758719268154 0.007547169811320756 0.050771869639794166 0.011320754716981135
0 0.16185058794240478 0.37408610677195575 0.04737090378802092 0.008802026041693126
0 0.18158846452074684 0.23853490572988234 0.03947575315668406 0.008802026041693055
0 0.17961467686291266 0.5316423729182618 0.05131847910368933 0.010562431250031494
0 0.19540497812558627 0.6355062802102401 0.05131847910368936 0.0070416208333544715
0 0.1993525534412547 0.7037219820333616 0.05131847910368933 0.007921823437523727
0 0.1717195262315758 0.8040650789086625 0.043423328472352515 0.00792182343752387
1 0.508461978273299 0.12264150943396228 0.9830760434534019 0.2188679245283019
1 0.5 0.30660377358490565 1.0 0.12641509433962267
1 0.49999999999999956 0.4528301886792454 0.9999999999999991 0.1433962264150945
1 0.508461978273299 0.5849056603773585 0.9830760434534019 0.09056603773584904
1 0.4992567181246427 0.6698113207547169 0.9646655231560892 0.05660377358490564
1 0.49079473985134364 0.7528301886792454 0.9646655231560892 0.0905660377358491
1 0.5034877072612922 0.8349056603773585 0.9900514579759863 0.04716981132075475
