0 0.0592338479130932 0.014150943396226414 0.04230989136649514 0.016981132075471698
0 0.0592338479130932 0.17735849056603775 0.04230989136649514 0.022641509433962276
0 0.05711835334476843 0.32264150943396225 0.04654088050314465 0.015094339622641506
0 0.055002858776443675 0.5150943396226415 0.04230989136649514 0.015094339622641471
0 0.08673527730131504 0.6858490566037736 0.05500285877644369 0.02075471698113205
0 0.07192681532304174 0.8462264150943396 0.04230989136649514 0.02075471698113205
1 0.5457975986277873 0.016037735849056607 0.8969696969696969 0.02075471698113208
1 0.5034877072612921 0.09339622641509435 0.9815894797026872 0.14150943396226415
1 0.5436821040594626 0.22169811320754718 0.8927387078330474 0.11132075471698112
1 0.06134934248141795 0.25943396226415094 0.07192681532304174 0.035849056603773556
1 0.547913093196112 0.3235849056603774 0.8927387078330474 0.020754716981132085
1 0.5056032018296172 0.4084905660377358 0.9773584905660383 0.15283018867924517
1 0.5457975986277873 0.5141509433962264 0.8969696969696969 0.016981132075471663
1 0.5056032018296169 0.5933962264150943 0.9773584905660377 0.13773584905660372
1 0.5182961692395655 0.6839622641509433 0.7827329902801601 0.02830188679245282
1 0.4950257289879931 0.75 0.9815894797026872 0.09999999999999998
1 0.5436821040594626 0.8471698113207548 0.8927387078330474 0.02264150943396231
1 0.49714122355631785 0.9075471698113207 0.9942824471126357 0.0981132075471697
