0 0.050771869639794166 0.005660377358490567 0.05077186963979417 0.007547169811320756
0 0.050771869639794166 0.08464667615958352 0.05077186963979416 0.010802786281431305
0 0.050771869639794166 0.19433962264150942 0.05077186963979417 0.007547169811320736
0 0.04672749905479135 0.25471698113207547 0.058860610809799783 0.011320754716981121
1 0.5080887411700054 0.3082203191516902 0.9838225176599884 0.09138091375844253
1 0.5053924941133371 0.42966074401488347 0.9892150117733258 0.13105946841671268
0 0.044488076435030895 0.35841970269662454 0.05662118819003933 0.007815472887235159
1 0.5067406176416711 0.045089266657125905 0.9865187647166568 0.06733330487464134
1 0.5055463231253511 0.14037791685918535 0.9787376815706798 0.09919638664567701
1 0.5041981995970168 0.22364276261934454 0.9706489404006742 0.04689283732341096
0 0.04313995290669663 0.5065027621150477 0.05931743524670786 0.006613092443045119
1 0.4974575819553455 0.5585057163262662 0.9625601992306685 0.09258329420263188
0 0.049880570548367975 0.6105086705374848 0.0674061764167135 0.007815472887235159
1 0.5094368646983398 0.6661187660812733 0.9811262706033201 0.09859519642358201
0 0.0444880764350309 0.7187229105145869 0.051228694076702254 0.00661309244304519
1 0.5080887411700055 0.8607141332570049 0.9838225176599884 0.2785717334859904
