0 0.08882044460253923 0.01280294696973538 0.043064457989109906 0.011202578598518458
1 0.4898582096261251 0.06481491903428534 0.9581841902576952 0.09282136553058146
0 0.09285773753901828 0.11962753574846499 0.04037292936479056 0.007201657670476163
1 0.5140819672449997 0.17043923153460228 0.952801133009057 0.09282136553058151
0 0.07267127285662302 0.22565194034158614 0.03768140074047119 0.011202578598518436
1 0.5100446743085202 0.2820649254269826 0.966258776130653 0.10002302320105765
0 0.10093232341197639 0.34687984446126807 0.034989872116151836 0.007201657670476251
1 0.4938955025626044 0.45210406486878063 0.9877910051252088 0.2016464147733322
0 0.08882044460253923 0.5597288378331187 0.032298343491832436 0.00720165767047618
1 0.5060073813720417 0.6445483615076156 0.9797164192522508 0.044010130208465344
0 0.09689503047549736 0.6785561893959752 0.04306445798910993 0.009602210227301526
1 0.5 0.8420787393476158 1.0 0.3158425213047654
