0 0.05570758381546567 0.009440177041161346 0.08021892069427057 0.011924434157256438
0 0.05013682543391911 0.2603501457667656 0.03788115699451667 0.008943325617942364
0 0.07576231398903333 0.4315154610657173 0.040109460347135285 0.008446474194723308
0 0.08578967907581715 0.6918656068324829 0.037881156994516656 0.009440177041161348
0 0.07799061734165194 0.8213819133527629 0.049022673757609804 0.01043387988759946
1 0.5414777146863264 0.010185454175989874 0.8422986672898412 0.012421285580475455
1 0.5011141516763085 0.13395114294171173 0.9977716966473796 0.23411638910453209
1 0.4801993724893142 0.2601017200551561 0.7331118030115285 0.011427582734037394
1 0.504710709368119 0.3450633134256082 0.9826817785048146 0.15948930685330484
1 0.5559616864783475 0.4315154610657173 0.8801798242843578 0.011427582734037357
1 0.5136239227785933 0.5616408486172437 0.9693119583891021 0.24782948952257985
1 0.5701915556074868 0.6936045868137495 0.8596168887850265 0.013911839850132566
1 0.5058248610444285 0.7567047175625649 0.980453475152196 0.11626323303325037
1 0.5102814677496658 0.9140447037831098 0.9715402617417216 0.17191059243378035
