0 0.10577472841623786 0.0066037735849056615 0.06346483704974273 0.009433962264150943
0 0.09519725557461407 0.33490566037735847 0.06346483704974272 0.009433962264150964
0 0.10048599199542597 0.470754716981132 0.0740423098913665 0.009433962264150964
0 0.10577472841623786 0.6622641509433962 0.042309891366495156 0.011320754716981156
0 0.16555143980084394 0.8174899900254939 0.03799541241330843 0.006777560052103837
1 0.5052887364208116 0.17075471698113204 0.9894225271583756 0.3188679245283018
1 0.49714122355631796 0.4037735849056604 0.9942824471126359 0.12452830188679251
1 0.505288736420812 0.5660377358490565 0.9894225271583763 0.1773584905660376
1 0.505288736420812 0.7415094339622641 0.9894225271583763 0.1433962264150945
1 0.5105774728416237 0.8613207547169811 0.9788450543167524 0.07735849056603769
