0 0.04654088050314465 0.015094339622641511 0.050771869639794166 0.018867924528301893
0 0.0444253859348199 0.10566037735849058 0.04654088050314465 0.018867924528301872
0 0.04654088050314465 0.1981132075471698 0.050771869639794166 0.02264150943396231
0 0.04654088050314465 0.3339622641509433 0.050771869639794166 0.022641509433962242
0 0.050771869639794166 0.40283018867924525 0.050771869639794166 0.013207547169811349
1 0.5457975986277873 0.013207547169811323 0.8292738707833047 0.015094339622641511
1 0.49502572898799324 0.059433962264150944 0.9900514579759865 0.062264150943396226
1 0.5373356203544882 0.10283018867924529 0.8461978273299028 0.016981132075471698
1 0.49079473985134364 0.15188679245283018 0.9815894797026873 0.0660377358490566
1 0.5457975986277873 0.1971698113207547 0.8461978273299028 0.020754716981132123
1 0.49714122355631774 0.26698113207547175 0.9858204688393364 0.11132075471698119
1 0.5521440823327616 0.33584905660377357 0.8758147512864494 0.018867924528301855
1 0.4463693539165237 0.37075471698113205 0.8927387078330474 0.039622641509434044
1 0.5246426529445397 0.40283018867924525 0.7869639794168095 0.01698113207547173
1 0.4950257289879931 0.4509433962264151 0.9815894797026872 0.06415094339622635
1 0.49502572898799313 0.5367924528301887 0.9900514579759863 0.0660377358490566
