0 0.4981989708404803 0.005660377358490567 0.057118353344768454 0.007547169811320756
0 0.514065180102916 0.12641509433962264 0.0761578044596913 0.015094339622641506
0 0.49502572898799313 0.2622641509433962 0.06346483704974268 0.015094339622641506
0 0.4791595197255576 0.5122641509433962 0.044425385934819914 0.013207547169811278
0 0.49502572898799313 0.732075471698113 0.06346483704974268 0.011320754716981156
0 0.5077186963979418 0.8075471698113208 0.06346483704974268 0.01509433962264154
1 0.5095197255574613 0.06509433962264155 0.980960548885077 0.10754716981132084
1 0.5 0.1943396226415095 1.0 0.11698113207547173
1 0.5095197255574613 0.38773584905660385 0.980960548885077 0.23207547169811332
1 0.5063464837049743 0.6235849056603775 0.9873070325900515 0.20566037735849074
1 0.5063464837049743 0.7688679245283019 0.9873070325900514 0.058490566037735905
1 0.503173241852487 0.8915094339622642 0.9936535162950254 0.14905660377358493
