0 0.04230989136649514 0.018867924528301886 0.04230989136649513 0.01886792452830189
0 0.052887364208118924 0.14622641509433962 0.04654088050314465 0.020754716981132067
0 0.055002858776443675 0.30566037735849055 0.050771869639794166 0.018867924528301893
0 0.038078902229845626 0.519811320754717 0.050771869639794166 0.016981132075471663
0 0.05193337461648174 0.6342212483687183 0.033847913093196104 0.013207547169811405
1 0.478101772441395 0.04245283018867925 0.8292738707833047 0.0660377358490566
1 0.04019439679817038 0.05283018867924529 0.046540880503144644 0.0490566037735849
1 0.452715837621498 0.10754716981132076 0.8800457404230988 0.05283018867924529
1 0.49714122355631785 0.22547169811320752 0.9942824471126357 0.13773584905660377
1 0.5140651801029159 0.30471698113207546 0.8588907947398513 0.020754716981132085
1 0.5 0.4113207547169811 1.0 0.1849056603773585
1 0.4696397941680961 0.5207547169811321 0.7785020011435105 0.018867924528301855
1 0.49291023441966836 0.5783018867924529 0.9688965122927387 0.09622641509433962
1 0.5042309891366495 0.7122641509433961 0.991538021726701 0.14150943396226423
