0 0.46490039874607303 0.007638121771717132 0.048936884078533964 0.006546961518614684
1 0.5056811354781852 0.13348527096286608 0.9787376815706809 0.2451473368636832
1 0.12845932070615176 0.008365561940452097 0.1019518418302792 0.005092081181144754
0 0.41392447783093345 0.26296962099768983 0.044858810405322844 0.005092081181144756
1 0.5020390368366057 0.3127992725560349 0.9959219263267889 0.09311234159807551
0 0.42208062517735584 0.36372008436748243 0.06117110509816747 0.005819521349879722
1 0.5036420986415792 0.38445212917642896 0.974659607897469 0.03564456826801333
0 0.475095582929101 0.40809393466031535 0.04485881040532291 0.005819521349879722
1 0.5077201723147904 0.465925428074745 0.9665034605510466 0.10693370480403992
0 0.4241196620139614 0.5223020411517048 0.06524917877137874 0.0058195213498795795
1 0.5061171105098168 0.583407015325443 0.9877657789803667 0.11493554666012243
0 0.4281977356871726 0.6488766305115888 0.03262458938568926 0.008729282024819582
1 0.5101951841830278 0.6979788419011987 0.979609631633944 0.09238490142934014
0 0.4526661777264395 0.7486694217020695 0.048936884078533964 0.006546961518614722
1 0.5061171105098168 0.8766988913994236 0.9877657789803664 0.24660221720115305
