0 0.503487707261292 0.002830188679245282 0.11846769582618631 0.005660377358490564
0 0.5182961692395655 0.12547169811320755 0.11846769582618634 0.009433962264150927
0 0.5034877072612921 0.4188278945259213 0.08885077186963974 0.007627229816081703
0 0.547913093196112 0.5160377358490567 0.05923384791309317 0.009433962264150893
0 0.5405088622069754 0.560377358490566 0.0740423098913665 0.00754716981132077
0 0.5331046312178384 0.6800028676916549 0.0888507718696397 0.009062339156894769
1 0.5074042309891367 0.06415094339622641 0.9851915380217267 0.11320754716981134
1 0.507404230989134 0.20759914130347162 0.9851915380217214 0.15466080410685887
1 0.5074042309891359 0.4672213120897548 0.9851915380217252 0.0881988852544527
1 0.514808461978273 0.5387192752853993 0.9703830760434529 0.035929116608534976
1 0.49999999999999994 0.6203030338691149 1.0 0.10943396226415096
1 0.5074042309891367 0.8264150943396226 0.9851915380217267 0.28301886792452835
0 0.5494793494525478 0.2881606204638912 0.0496303928537786 0.0036134648961382966
1 0.4998489565987655 0.35302231466035994 0.999697913197531 0.1224964586006614
1 0.2463794502384005 0.6786538758059771 0.4076782270131807 0.006775246680259386
