0 0.05394511149228131 0.013207547169811323 0.06981132075471698 0.011320754716981131
0 0.057118353344768454 0.11132075471698114 0.07615780445969127 0.015094339622641506
0 0.05394511149228131 0.30849056603773584 0.06981132075471698 0.013207547169811313
0 0.11106346483704975 0.45943396226415095 0.08250428816466553 0.013207547169811278
0 0.10789022298456263 0.6160377358490565 0.10154373927958835 0.016981132075471736
0 0.07298456260720414 0.679245283018868 0.08250428816466554 0.0150943396226414
0 0.069811320754717 0.809433962264151 0.08885077186963981 0.018867924528301928
1 0.5521440823327616 0.013207547169811323 0.888507718696398 0.015094339622641511
1 0.5095197255574615 0.06132075471698114 0.9809605488850772 0.07735849056603775
1 0.5426243567753002 0.11132075471698114 0.8694682675814752 0.015094339622641506
1 0.5031732418524871 0.20943396226415095 0.9936535162950257 0.1811320754716981
1 0.5539451114922813 0.309433962264151 0.8921097770154374 0.015094339622641506
1 0.5095197255574615 0.3849056603773585 0.9809605488850772 0.13584905660377364
1 0.5711835334476845 0.4716981132075472 0.8250428816466554 0.03773584905660371
1 0.5158662092624356 0.5490566037735849 0.9682675814751286 0.11320754716981128
1 0.5825042881646655 0.6160377358490565 0.8349914236706689 0.013207547169811349
1 0.5158662092624356 0.6443396226415093 0.9682675814751286 0.039622641509433856
1 0.5634648370497427 0.6867924528301887 0.8730703259005145 0.026415094339622698
1 0.5000000000000001 0.75 1.0 0.10377358490566052
1 0.5648370497427103 0.8169811320754718 0.8631217838765012 0.026415094339622566
1 0.49999999999999983 0.9160377358490563 0.9999999999999997 0.16792452830188673
