0 0.4519973736440329 0.018484254687555463 0.0355281778410157 0.007041620833354463
1 0.49542070211638545 0.12234816197953377 0.9671559523387604 0.19364457291724768
0 0.48949933914288285 0.22445166406317343 0.055266054419357856 0.0070416208333544715
1 0.5 0.33579729349059084 1.0 0.21212882760480312
0 0.47568282553804336 0.4467028216159237 0.05131847910368926 0.006161418229185145
1 0.5059213629735025 0.5197596377619762 0.9881572740529947 0.12762937760454968
0 0.48555176382721443 0.5884154408871821 0.05526605441935772 0.006161418229185216
1 0.5052896404055565 0.6566311427103034 0.9868938289171025 0.11618674375034843
0 0.6118741739286027 0.7249366861970918 0.06316120505069445 0.013203039062539551
1 0.5092372157212248 0.8107564401035988 0.9632083770230919 0.11970755416702587
