0 0.03596340766152087 0.0066037735849056615 0.04654088050314465 0.013207547169811323
0 0.03596340766152087 0.07452830188679245 0.038078902229845626 0.016981132075471698
0 0.03384791309319612 0.14245283018867924 0.05077186963979417 0.013207547169811313
0 0.03173241852487135 0.22264150943396224 0.038078902229845626 0.018867924528301893
0 0.0296169239565466 0.3228942839229452 0.04230989136649514 0.015094339622641539
0 0.029616923956546595 0.41509433962264153 0.03384791309319611 0.011320754716981156
0 0.0444253859348199 0.5066037735849056 0.055002858776443675 0.013207547169811349
1 0.5317324185248713 0.0066037735849056615 0.9365351629502573 0.013207547169811323
1 0.5042309891366495 0.036792452830188685 0.991538021726701 0.043396226415094344
1 0.5296169239565466 0.07264150943396226 0.9407661520869068 0.02452830188679245
1 0.5042309891366495 0.10943396226415089 0.991538021726701 0.04528301886792452
1 0.5359634076615208 0.14245283018867924 0.9280731846769582 0.016981132075471698
1 0.5063464837049743 0.1811320754716981 0.9873070325900514 0.05660377358490569
1 0.5288736420811891 0.22264150943396224 0.930817610062893 0.015094339622641506
1 0.5013722126929671 0.27264150943396215 0.9858204688393362 0.07735849056603755
1 0.530989136649514 0.3254716981132076 0.9350485991995425 0.016981132075471698
1 0.5042309891366495 0.3679245283018868 0.991538021726701 0.07169811320754718
1 0.5246723457229274 0.4155005499997465 0.9506553085541445 0.01760405208338614
1 0.5029606814867512 0.45598986979153466 0.9940786370264973 0.06337458750019011
1 0.5039475753156681 0.7583619247396085 0.9921048493686626 0.48327615052078315
1 0.8483133218982276 0.5094339622641509 0.08885077186963969 0.015094339622641471
