0 0.07303014333986559 0.01012232994794704 0.05921362973502615 0.007921823437523769
1 0.5052896404055565 0.1676785960942531 0.9868938289171025 0.16811869739633775
0 0.06316120505069456 0.2600998695320304 0.0394757531566841 0.006161418229185145
1 0.35133420309448854 0.26009986953203035 0.41844298346085146 0.00968222864586238
1 0.49999999999999983 0.320393747917628 0.9999999999999997 0.10738471770865544
0 0.06513499270852875 0.3802475250011409 0.04342332847235251 0.0070416208333544
1 0.5723984207719194 0.3802475250011409 0.8368859669217028 0.008802026041693126
1 0.5078951506313374 0.4312992760429607 0.9842096987373252 0.08978066562526943
0 0.08487286928687082 0.4823510270847806 0.051318479103689335 0.0070416208333544715
1 0.5664770577984166 0.4823510270847805 0.8408335422373711 0.008802026041693032
1 0.49739448977421963 0.5188794351578068 0.9711035276544289 0.06249438489602078
0 0.0789515063133682 0.5558479445329177 0.05526605441935773 0.00792182343752394
1 0.29804193633296494 0.5562880458350024 0.30396329930646754 0.008802026041693126
1 0.49999999999999967 0.6447484075540179 0.9999999999999993 0.1645978869796604
0 0.10658453352304707 0.7332986109366996 0.04737090378802092 0.0070416208333544715
1 0.5862149343767586 0.7328585096346152 0.79346263844935 0.00792182343752378
1 0.505921362973502 0.7984336036452285 0.9881572740529936 0.11618674375034885
0 0.08684665694470502 0.8644487989579265 0.055266054419357745 0.008802026041693126
1 0.5348964552730695 0.8662092041662652 0.6908256802419718 0.01760405208338625
1 0.5039475753156685 0.9370655138018944 0.9921048493686633 0.1258689723962111
