0 0.06663807890222985 0.0066037735849056615 0.0444253859348199 0.013207547169811323
0 0.08885077186963981 0.07641509433962264 0.03807890222984562 0.009433962264150936
0 0.12692967409948544 0.32452830188679244 0.038078902229845626 0.011320754716981156
0 0.0788133411773198 0.16614704356299853 0.050153944385567154 0.010650451510448668
0 0.08567753001715267 0.5066037735849056 0.057118353344768454 0.013207547169811349
0 0.10154373927958835 0.5679245283018868 0.03807890222984565 0.00754716981132077
0 0.12375643224699831 0.6575471698113208 0.057118353344768454 0.009433962264150893
1 0.5095197255574615 0.04245283018867925 0.9809605488850772 0.054716981132075466
1 0.5095197255574615 0.11886792452830189 0.9809605488850772 0.06792452830188678
1 0.5031732418524871 0.2433962264150943 0.9936535162950257 0.14339622641509436
1 0.5031732418524871 0.4188679245283019 0.9936535162950257 0.16226415094339622
1 0.5063464837049743 0.540566037735849 0.9873070325900514 0.04716981132075475
1 0.4886792452830189 0.6084905660377358 0.9519725557461407 0.06226415094339622
1 0.5 0.7924528301886792 1.0 0.2415094339622641
