0 0.05288736420811894 0.0075471698113207565 0.08461978273299031 0.0075471698113207565
0 0.048851244531396575 0.154431546901505 0.054279160590440634 0.0067775600521036775
0 0.05699311861996268 0.28659396791752656 0.04885124453139658 0.005809337187517407
0 0.05156520256091861 0.45312830062635956 0.05970707664948471 0.005809337187517443
0 0.04613728650187454 0.6041710675018127 0.05970707664948471 0.003872891458344867
0 0.043423328472352515 0.6990569082312641 0.05427916059044065 0.0077457829166898765
0 0.0678489507380508 0.8026567547419916 0.07056290876757285 0.005809337187517372
1 0.5515652025609187 0.006777560052103668 0.8968695948781629 0.007745782916689908
1 0.5 0.08133072062524402 1.0 0.13942409250041832
1 0.5434233284723525 0.15491565833379814 0.9131533430552949 0.005809337187517425
1 0.5 0.21930247882878298 1.0 0.1229643038024523
1 0.49936827743205386 0.28562574505294036 0.8033315767385214 0.0077457829166898765
1 0.5 0.36550413138130494 1.0 0.15201098974003938
1 0.5482195219634505 0.45312830062635956 0.9010340658013146 0.007745782916689948
1 0.5 0.5291337954963793 1.0 0.14232876109417703
1 0.5373636898453623 0.6041710675018127 0.9010340658013146 0.003872891458344867
1 0.5027139580295219 0.6482252078404867 0.9945720839409558 0.08423538921900281
1 0.5237938996977521 0.6990569082312641 0.9064619818603588 0.0077457829166898765
1 0.505427916059044 0.7518250543512142 0.989144167881912 0.09779050932321014
1 0.5 0.9027807116678751 1.0 0.1944385766642498
