0 0.05923384791309319 0.003773584905660378 0.06769582618639222 0.007547169811320756
0 0.08038879359634077 0.16132075471698112 0.059233847913093204 0.009433962264150947
0 0.06969851197042312 0.3621635377033503 0.04230989136649514 0.0075471698113207695
0 0.06907740393117745 0.5035589174324752 0.03565285364189805 0.005465365655409116
0 0.05236512878653774 0.6464037016079428 0.028967943584042158 0.008943325617942435
0 0.06573494890224951 0.9339187607118704 0.03342455028927941 0.0059622170786281
1 0.5055707583815466 0.08198048483113801 0.988858483236907 0.14806172411926743
1 0.4980257993102638 0.2551332058229649 0.9826817785048158 0.17240744385700119
1 0.5042309891366495 0.4339622641509434 0.991538021726701 0.1320754716981132
1 0.5126929674099485 0.5745283018867924 0.974614065180103 0.13018867924528293
1 0.534738662777882 0.6670184441411263 0.9305226744442359 0.05131581182307045
1 0.5 0.7778799621362503 1.0 0.17815300708386772
0 0.08684665694470502 0.8713134685688224 0.04342332847235251 0.00871400578127634
1 0.5021711664236177 0.8998760430741164 0.9956576671527648 0.04260180604179453
1 0.5015394438556715 0.9670804226040679 0.9943942220168726 0.05034758895848441
