0 0.013457643121596854 0.0064014734848676915 0.02691528624319371 0.008001841856084616
1 0.5127362029328353 0.04080939346603154 0.9608757188820063 0.07681768181841232
0 0.01211187880943717 0.08401933948888844 0.02422375761887434 0.008001841856084617
1 0.5140819672449997 0.1004231152938619 0.9689503047549732 0.042409761837248455
0 0.014655373359418971 0.12974186385455594 0.029310746718837943 0.007745782916689912
1 0.5146553733594189 0.14959043257857382 0.9706892532811621 0.05325225755224313
0 0.01628374817713219 0.18299412140679905 0.026053997083411506 0.007745782916689912
1 0.5161948172150904 0.2173660330996105 0.967254641721652 0.08229894348983023
1 0.5178231920328035 0.29724441942797486 0.9574843928153723 0.07552138343772646
1 0.5146553733594188 0.3572742370323196 0.9706892532811618 0.040665360312622134
0 0.01628374817713219 0.26626128776121555 0.03256749635426438 0.007745782916689912
1 0.5158396459541037 0.5433930776839171 0.9683207080917328 0.3294598347405757
0 0.0192444296638835 0.3860137627600747 0.02664613338076177 0.011442633854200891
0 0.01628374817713219 0.33980312604118607 0.03256749635426438 0.0070416208333544715
