0 0.4795814639696333 0.005092081181144754 0.039149507262827184 0.005819521349879719
1 0.4958937586624779 0.06728821560798426 0.985262599447818 0.11566298682885943
0 0.4746877755617798 0.1309392303722937 0.03588704832425826 0.00727440168734967
1 0.5 0.18731584344925348 1.0 0.10256906379163006
0 0.5154685122938916 0.24514733686368317 0.03914950726282726 0.005819521349879686
1 0.49426252919319347 0.30006906960317303 0.9754752226321112 0.09383978176681051
0 0.4339070388296682 0.352081041667723 0.03914950726282726 0.005819521349879651
1 0.5016312294692846 0.40300185347917084 0.9967375410614313 0.09311234159807574
0 0.4795814639696333 0.456104985796823 0.039149507262827184 0.005819521349879651
1 0.5016312294692845 0.5001151160052884 0.9967375410614311 0.08220073906705103
0 0.46979408715392634 0.5455801265512237 0.04567442513996504 0.005819521349879651
1 0.5048936884078534 0.6026841797969185 0.9902126231842933 0.10547882446656985
0 0.419225973606108 0.6594245129582457 0.04241196620139618 0.0065469615186145805
1 0.5056811354781846 0.8106593237607512 0.9787376815706799 0.2915580190739753
