0 0.16923956546598057 0.016037735849056604 0.04230989136649514 0.01320754716981132
0 0.17981703830760434 0.2028301886792453 0.03807890222984561 0.02075471698113205
0 0.1713550600343053 0.3594339622641509 0.04654088050314465 0.013207547169811349
0 0.1713550600343053 0.5169811320754717 0.04654088050314465 0.018867924528301855
0 0.17347055460263008 0.6094339622641509 0.050771869639794166 0.018867924528301855
1 0.5034877072612921 0.10849056603773587 0.9815894797026872 0.16037735849056606
1 0.5063464837049743 0.28301886792452824 0.9873070325900515 0.1358490566037735
1 0.5013722126929674 0.4311320754716981 0.9858204688393367 0.11509433962264154
1 0.478101772441395 0.5594339622641509 0.930817610062893 0.07735849056603776
1 0.48867924528301887 0.6433962264150943 0.9265866209262436 0.05660377358490571
