0 0.08038879359634077 0.007547169811320756 0.059233847913093204 0.015094339622641511
0 0.0888507718696398 0.169811320754717 0.0592338479130932 0.011320754716981121
0 0.06769582618639222 0.33867924528301885 0.050771869639794166 0.009433962264150893
0 0.0888507718696398 0.5084905660377359 0.0592338479130932 0.009433962264150964
0 0.07562972993955254 0.6636740379653671 0.044488076435030915 0.008597020175958647
1 0.5040443705850024 0.0898779382032043 0.9919112588299934 0.14608922396908788
1 0.5094368646983395 0.25454393980569234 0.9811262706033195 0.15679040946370731
1 0.5040443705850026 0.42257660688124793 0.9919112588299939 0.15739159968580277
1 0.5040443705850026 0.5809902304032825 0.9919112588299939 0.1363499419124801
1 0.5512286940767023 0.7024907745180216 0.8975426118465956 0.09799400620148688
1 0.5067406176416714 0.8301835774616646 0.9865187647166576 0.15137969746485444
