0 0.07615780445969125 0.004716981132075472 0.10154373927958835 0.005660377358490567
0 0.06728821560798426 0.10482412831470844 0.04844751523774868 0.004801105113650763
0 0.06459668698366489 0.20324678314454922 0.043064457989109926 0.004801105113650799
0 0.06728821560798426 0.2716625310140726 0.059213629735026155 0.005601289299259235
0 0.07805433010526175 0.40009209280423064 0.037681400740471195 0.006401473484867708
0 0.06997974423230363 0.5285216545943886 0.053830572486387424 0.005601289299259235
0 0.06997974423230363 0.672954900096716 0.043064457989109926 0.006401473484867637
1 0.5 0.05521270880698383 1.0 0.09282136553058151
1 0.5 0.15323527154402036 1.0 0.09042081297375612
1 0.5 0.23645442684730036 1.0 0.06321455066306847
1 0.48716668100180605 0.33607735795555377 0.9743333620036121 0.12002762784126919
1 0.5 0.46530710393132024 1.0 0.12082781202687762
1 0.5026915286243194 0.5993379550207376 0.9946169427513613 0.13443094318222143
1 0.49524126687476394 0.7907518354633872 0.9904825337495279 0.22965286126962833
