0 0.04230989136649514 0.019811320754716984 0.04230989136649513 0.013207547169811323
0 0.03596340766152087 0.1349056603773585 0.038078902229845626 0.013207547169811313
0 0.029616923956546595 0.2952830188679245 0.03384791309319611 0.013207547169811349
0 0.029616923956546595 0.3179245283018868 0.03384791309319611 0.013207547169811313
0 0.025385934819897083 0.5188679245283019 0.03384791309319611 0.015094339622641471
1 0.522527158376215 0.020754716981132074 0.9012006861063465 0.015094339622641511
1 0.5098341909662664 0.07452830188679246 0.9350485991995425 0.08867924528301888
1 0.5267581475128644 0.1339622641509434 0.9265866209262436 0.018867924528301893
1 0.5204116638078902 0.20283018867924532 0.930817610062893 0.11886792452830193
1 0.5296169239565466 0.3858490566037736 0.9407661520869068 0.15283018867924528
1 0.22635791881074901 0.5179245283018864 0.3511720983419097 0.016981132075471632
1 0.5013722126929674 0.759433962264151 0.9858204688393367 0.45471698113207554
