0 0.05077186963979418 0.015094339622641511 0.03807890222984564 0.011320754716981131
0 0.055673213660265154 0.12155490116674054 0.057118353344768454 0.015094339622641506
1 0.5315769033030753 0.01240285487693115 0.9070451463956272 0.020004604640211535
1 0.4999999999999997 0.06721547159111071 0.9999999999999994 0.0880202604169307
1 0.54306445798911 0.12282827249089882 0.9138710840217802 0.016803867897777672
1 0.5026915286243194 0.2604599524155542 0.9946169427513613 0.25845949195153306
0 0.052484808174227716 0.39449080350497145 0.034989872116151816 0.006401473484867637
1 0.5436887821125126 0.3964912639689927 0.8989705605226693 0.012002762784126906
1 0.504037292936479 0.47170857741618805 0.9919254141270418 0.13683149573904693
0 0.051139043862068044 0.5469258908633834 0.03229834349183245 0.008802026041692983
1 0.5248480817422773 0.5489263513274045 0.8828213887767535 0.012802946969735274
1 0.5201864646823953 0.636546519651531 0.9596270706352094 0.15603591619364998
0 0.0457559866134293 0.7257670563468744 0.03229834349183244 0.00800184185608444
1 0.45217680888565404 0.7249668721612662 0.7159466140689523 0.016003683712169238
1 0.500624324123403 0.7881814228243345 0.9689503047549733 0.10722468087153374
