0 0.06513499270852877 0.01408324166670892 0.03552817784101569 0.010562431250031694
1 0.5473709037880209 0.014083241666708919 0.9052581924239581 0.019364457291724764
1 0.5103623852036293 0.11486643984409461 0.9792752295927404 0.18044153385470799
0 0.059213629735026155 0.21917044843815758 0.035528177841015696 0.010562431250031671
1 0.5458905630446452 0.21961054974024224 0.9082188739107094 0.022005065104232672
1 0.5088820444602506 0.37769493610596677 0.9822359110794859 0.2924033024188798
0 0.060693970478401804 0.5307621703140925 0.038488859327766994 0.010562431250031637
1 0.5074017037168783 0.6038189864601451 0.9851965925662435 0.13203039062539632
0 0.05033158527477223 0.6751153973978589 0.0355281778410157 0.0070416208333544715
1 0.5384888593277668 0.6759956000020282 0.9230222813444656 0.012322836458370285
1 0.5014803407433756 0.8401983065114373 0.9970393185132486 0.31960338697712515
