0 0.05923384791309319 0.008490566037735849 0.05923384791309319 0.009433962264150945
0 0.08673527730131504 0.21698113207547173 0.04654088050314467 0.015094339622641506
0 0.10577472841623785 0.11132075471698114 0.05923384791309319 0.015094339622641506
0 0.055002858776443675 0.03207547169811321 0.050771869639794166 0.01132075471698113
1 0.17347055460263008 0.009433962264150943 0.1523156089193825 0.015094339622641511
1 0.5444253859348198 0.06132075471698113 0.9111492281303601 0.08113207547169811
1 0.04865637507146941 0.08867924528301888 0.07192681532304174 0.03018867924528303
1 0.5690680388793596 0.11226415094339623 0.8504288164665523 0.013207547169811313
1 0.5063464837049743 0.16132075471698115 0.9873070325900514 0.08113207547169811
1 0.29193825042881644 0.23679245283018865 0.2961692395654659 0.06603773584905659
1 0.5063464837049743 0.3867924528301887 0.9873070325900514 0.2264150943396227
