0 0.057118353344768454 0.010377358490566037 0.07615780445969127 0.016981132075471698
0 0.057118353344768454 0.12641509433962264 0.07615780445969127 0.015094339622641506
0 0.06218947485532774 0.2714408306112923 0.05077186963979418 0.015094339622641506
0 0.04442538593481991 0.3452830188679245 0.06346483704974272 0.018867924528301855
0 0.0793310463121784 0.4726415094339623 0.06981132075471701 0.013207547169811349
0 0.08885077186963981 0.6764150943396225 0.05077186963979418 0.013207547169811278
0 0.05077186963979417 0.7386792452830189 0.0634648370497427 0.013207547169811278
1 0.5507718696397942 0.010377358490566037 0.8984562607204117 0.016981132075471698
1 0.5095197255574615 0.06981132075471698 0.9809605488850772 0.0981132075471698
1 0.5095197255574615 0.18867924528301888 0.9809605488850772 0.10566037735849058
1 0.19823649923112824 0.25377358490565904 0.37779801354460424 0.01698113207547163
1 0.30791087462213546 0.2693869177076394 0.367124504357161 0.015843646875047468
1 0.49887483051759524 0.3059153257806677 0.9859069350881853 0.05369235885432779
1 0.4796304008537118 0.3481650507807945 0.752013097634832 0.020244659895894017
1 0.5044410222301264 0.4119797395830691 0.991117955539745 0.10562431250031665
1 0.562174311221777 0.47931523880202115 0.8756513775564443 0.023765470312571618
1 0.5044410222301235 0.5800104163832187 0.9911179555397395 0.17762488484982478
1 0.5610491417393728 0.6782410273442849 0.8556369496711279 0.011442633854201033
1 0.5014803407433757 0.708608017188126 0.9970393185132487 0.045770535416803995
1 0.5418047120754893 0.738975007031967 0.9059685349459002 0.013203039062539829
1 0.4988748305175953 0.8352691715923188 0.9977496610351906 0.17586447964148633
