0 0.0264611023123462 0.003974811385752146 0.03063917109850613 0.0029811085393141095
1 0.5041780687861599 0.09191751329551838 0.9916438624276802 0.17191059243378032
0 0.02506841271695956 0.1823444723213797 0.03342455028927942 0.003974811385752091
1 0.4916194271714847 0.18184762089816067 0.8941067202382242 0.004968514232190131
1 0.5027853791907723 0.2539407616491049 0.9944292416184513 0.13723036157682322
0 0.019497654335412992 0.32692823647811403 0.02785379190773284 0.003974811385752162
1 0.4930121167668713 0.3266798107665045 0.9024628578105441 0.006459068501847227
1 0.5027853791907737 0.3997169699797003 0.9944292416184528 0.13464673569235386
0 0.02785379190773285 0.4732509806161149 0.02785379190773285 0.003477959962533106
1 0.2520768167649823 0.4695245949419723 0.15876661387407723 0.0029811085393141924
1 0.5152951502930572 0.5159802030129503 0.9525996832444625 0.08993010760264157
0 0.022283033526186272 0.5654169196232428 0.02785379190773284 0.0029811085393142635
1 0.48744135838532476 0.5651684939116333 0.8913213410474511 0.006459068501847298
1 0.23814992081111583 0.572372839548309 0.40387998266212627 0.007949622771504395
0 0.015319585549253065 0.5840488479939558 0.019497654335412992 0.0044716628089711465
1 0.5069390127207378 0.5857878279752224 0.9470289248629168 0.010930731310818516
0 0.01671227514463971 0.6101335477129544 0.027853791907732846 0.003974811385752162
1 0.38159694913593994 0.6240453875630868 0.685203280930228 0.03577330247176938
1 0.49164386242768016 0.7588908636351916 0.9832877248553603 0.23491135251888795
