0 0.466466552315609 0.013207547169811323 0.06981132075471706 0.015094339622641511
0 0.3998284734133792 0.1669811320754717 0.050771869639794215 0.01698113207547168
0 0.4601200686106347 0.25566037735849056 0.03173241852487138 0.016981132075471698
0 0.46329331046312183 0.4160377358490567 0.06346483704974276 0.013207547169811349
0 0.4537735849056604 0.46037735849056605 0.044425385934819914 0.011320754716981084
0 0.44742710120068613 0.5339622641509434 0.057118353344768454 0.011320754716981156
0 0.46963979416809615 0.7122641509433961 0.06346483704974276 0.013207547169811278
1 0.5108919382504289 0.09056603773584909 0.9710120068610635 0.13584905660377364
1 0.5013722126929673 0.2122641509433962 0.9646655231560889 0.07358490566037738
1 0.514065180102916 0.339622641509434 0.9646655231560892 0.14339622641509436
1 0.5031732418524871 0.4415094339622641 0.9936535162950255 0.033962264150943285
1 0.507718696397942 0.49811320754716976 0.9773584905660383 0.05660377358490567
1 0.4950257289879931 0.6056603773584903 0.9646655231560891 0.12830188679245247
1 0.48233276157804467 0.6896226415094339 0.9646655231560893 0.03207547169811321
1 0.5063464837049743 0.8594339622641509 0.9873070325900514 0.2811320754716982
