0 0.023270440251572325 0.008490566037735849 0.038078902229845626 0.013207547169811323
0 0.019039451114922813 0.16037735849056603 0.0296169239565466 0.015094339622641523
0 0.019039451114922813 0.45754716981132076 0.038078902229845626 0.016981132075471663
0 0.016923956546598055 0.5066037735849056 0.03384791309319611 0.016981132075471736
0 0.016923956546598055 0.6716981132075471 0.03384791309319611 0.018867924528301928
1 0.5204116638078902 0.011320754716981135 0.9392795883361922 0.015094339622641511
1 0.49925671812464256 0.0849056603773585 0.9900514579759861 0.12830188679245283
1 0.5204116638078902 0.16226415094339622 0.947741566609491 0.022641509433962242
1 0.5034877072612922 0.310377358490566 0.9900514579759863 0.2622641509433963
1 0.522527158376215 0.45754716981132076 0.9519725557461406 0.02830188679245282
1 0.49714122355631785 0.4820754716981132 0.9942824471126357 0.024528301886792434
1 0.522527158376215 0.5122641509433962 0.9435105774728416 0.016981132075471663
1 0.5013722126929674 0.5943396226415093 0.9773584905660377 0.13584905660377353
1 0.5267581475128644 0.6735849056603773 0.9265866209262436 0.018867924528301785
1 0.49714122355631785 0.718867924528302 0.9688965122927387 0.06792452830188694
