0 0.4886792452830189 0.002830188679245283 0.08885077186963983 0.005660377358490566
0 0.47598627787307035 0.180188679245283 0.11423670668953691 0.009433962264150964
0 0.5902229845626072 0.27264150943396226 0.0888507718696399 0.005660377358490542
0 0.4716619794605974 0.6791620612323227 0.0651444040145631 0.007380726238230591
0 0.5071588407430018 0.804374775127755 0.0772775157695714 0.0077136133844112175
0 0.4772357290303315 0.4094105412467033 0.048532447020033655 0.006011902220950134
1 0.5 0.09056603773584904 1.0 0.16981132075471694
1 0.5063464837049743 0.2283018867924528 0.9873070325900514 0.07924528301886792
1 0.5063464837049741 0.34150943396226424 0.9873070325900513 0.12830188679245283
1 0.5 0.5452830188679245 1.0 0.2603773584905659
1 0.49999999999999983 0.7406076486291215 0.9999999999999997 0.11501111783609556
1 0.49999999999999983 0.8745283018867924 0.9999999999999997 0.13396226415094303
1 0.1981741586651376 0.8033004670469321 0.3963483173302752 0.009017853331425218
