0 0.047598627787307037 0.013207547169811323 0.057118353344768454 0.011320754716981131
0 0.04442538593481991 0.10566037735849058 0.03807890222984563 0.011320754716981138
0 0.05077186963979418 0.3452830188679245 0.03807890222984564 0.011320754716981084
0 0.06029159519725558 0.45283018867924524 0.0444253859348199 0.0075471698113207
0 0.0634648370497427 0.6037735849056604 0.038078902229845626 0.011320754716981084
0 0.05394511149228132 0.679245283018868 0.03173241852487137 0.011320754716981156
1 0.49819897084048037 0.059433962264150944 0.9583190394511151 0.07735849056603775
1 0.49185248713550606 0.1839622641509434 0.9837049742710121 0.14528301886792452
1 0.5013722126929675 0.4018867924528302 0.9900514579759863 0.0905660377358491
1 0.5 0.5273584905660377 1.0 0.14150943396226418
1 0.5013722126929675 0.6415094339622641 0.9900514579759863 0.05660377358490564
1 0.49819897084048037 0.7122641509433961 0.9837049742710121 0.058490566037735905
