0 0.034538701965588725 0.010682305599208892 0.04233776369975392 0.0064590685018472375
1 0.5236512878653774 0.010185454175989874 0.8957779477526882 0.009440177041161344
1 0.538995308670826 0.09042695902586134 0.9220093826583481 0.1490554269657055
0 0.03788115699451667 0.17191059243378032 0.04456606705237255 0.004968514232190202
1 0.538995308670826 0.21041657773325426 0.9220093826583481 0.08297418767757601
1 0.5122556684394022 0.28221160838840226 0.9754886631211944 0.05763476509340601
0 0.03676700531820734 0.31922703941821917 0.051250977110228406 0.00944017704116145
1 0.5323103986129701 0.3751228245303587 0.9353792027740598 0.12818766719050673
0 0.03342455028927941 0.44468202378102134 0.03565285364189804 0.005962217078628314
1 0.5345387019655887 0.4710151492116293 0.9309225960688223 0.06160957647915834
1 0.5233971852024957 0.532873151402397 0.9532056295950089 0.054156805130872954
0 0.03788115699451667 0.5679011767393378 0.04456606705237255 0.005962217078628171
1 0.5055707583815462 0.6935549014818938 0.9888584832369063 0.24335782671360756
