0 0.0504796193491098 0.002420557161465596 0.05536474380224947 0.004841114322931192
0 0.05862149343767589 0.13990820393271144 0.04559449489597014 0.010650451510448633
0 0.05210799416682302 0.2464127190371977 0.03908099562511727 0.006777560052103659
0 0.0504796193491098 0.36550413138130494 0.03582424598969083 0.010650451510448633
0 0.06350661789081555 0.6022346217726402 0.05536474380224944 0.009682228645862451
0 0.0423377452605437 0.9656280883071884 0.039080995625117264 0.006777560052103837
1 0.5439661200782568 0.003388780026051834 0.9120677598434861 0.006777560052103668
1 0.5032567496354264 0.0706802691147954 0.9934865007291471 0.12005963520869355
1 0.5016283748177133 0.19170812718807517 0.9967432503645736 0.08714005781276146
1 0.5438771891162152 0.24544449617261144 0.9118898979194028 0.012586897239621066
1 0.5016283748177133 0.3059584252092513 0.9967432503645736 0.10263162364614133
1 0.5065134992708509 0.48372414166989386 0.9869730014582905 0.22191667760838407
1 0.12375648614620469 0.6274084162518825 0.22797247447985072 0.0426018060417946
1 0.6416686091410501 0.6709784451582632 0.7166627817178999 0.14910632114628072
1 0.5032567496354264 0.849925455989133 0.9934865007291471 0.2110725844798
1 0.1921482284901599 0.967564534036361 0.24751297229240932 0.01645978869796622
1 0.40058020515745196 0.983540211302034 0.7816199125023453 0.01936445729172476
